1,David Price*,28,TOT,15,12,34,34,3,0,0,248.1,230,100,90,25,38,271,5,0,2,1009
2,Felix Hernandez,28,SEA,15,6,34,34,0,0,0,236.0,170,68,56,16,46,248,5,0,18,912
3,Corey Kluber,28,CLE,18,9,34,34,3,1,0,235.2,207,72,64,14,51,269,6,0,3,951
4,James Shields,32,KCR,14,8,34,34,1,1,0,227.0,224,95,81,23,44,180,11,2,12,939
5,Max Scherzer,29,DET,18,5,33,33,1,1,0,220.1,196,80,77,18,63,252,6,1,10,904
6,Jon Lester*,30,TOT,16,11,32,32,1,1,0,219.2,194,76,60,16,48,220,5,0,3,885
7,Sonny Gray,24,OAK,14,10,33,33,2,2,0,219.0,187,84,75,15,74,183,7,0,15,899
8,R.A. Dickey,39,TOR,14,13,34,34,1,0,0,215.2,191,101,89,26,74,173,14,0,5,914
9,Jered Weaver,31,LAA,18,9,34,34,1,0,0,213.1,193,87,85,27,65,169,6,0,3,888
10,Phil Hughes,28,MIN,16,10,32,32,1,0,0,209.2,221,88,82,16,16,186,5,0,1,855
11,Chris Tillman,26,BAL,13,6,34,34,1,1,0,207.1,189,83,77,21,66,150,4,0,8,871
12,Justin Verlander,31,DET,15,12,32,32,0,0,0,206.0,223,114,104,18,65,159,5,1,5,893
13,Rick Porcello,25,DET,15,13,32,31,3,3,0,204.2,211,89,78,18,41,129,4,0,0,840
14,Jeremy Guthrie,35,KCR,13,11,32,32,1,0,0,202.2,215,100,93,23,49,124,14,0,3,864
15,Mark Buehrle*,35,TOR,13,10,32,32,0,0,0,202.0,228,83,76,15,46,119,4,1,2,857
16,Jose Quintana*,25,CHW,9,11,32,32,0,0,0,200.1,197,87,74,10,52,178,2,0,7,830
17,Dallas Keuchel*,26,HOU,12,9,29,29,5,1,0,200.0,187,71,65,11,48,146,7,0,7,808
18,Hiroki Kuroda,39,NYY,11,9,32,32,0,0,0,199.0,191,91,82,20,35,146,7,0,13,820
19,Chris Archer,25,TBR,10,9,32,32,0,0,0,194.2,177,85,72,12,72,173,8,0,8,822
20,John Danks*,29,CHW,11,11,32,32,0,0,0,193.2,205,106,102,25,74,129,9,0,7,855
21,Scott Kazmir*,30,OAK,15,9,32,32,2,0,0,190.1,171,81,75,16,50,164,4,1,9,777
22,Jason Vargas*,31,KCR,11,10,30,30,1,1,0,187.0,197,82,77,19,41,128,6,1,1,790
23,Wei-Yin Chen*,28,BAL,16,6,31,31,0,0,0,185.2,193,77,73,23,35,136,3,0,2,772
24,Drew Hutchison,23,TOR,11,13,32,32,1,1,0,184.2,173,92,92,23,60,184,7,2,4,786
25,Yordano Ventura,23,KCR,14,10,31,30,0,0,0,183.0,168,70,65,14,69,159,5,1,11,782
26,Scott Feldman,31,HOU,8,12,29,29,2,1,0,180.1,185,86,75,16,50,107,11,1,6,765
,LgAvg per 180 IP,,,10,10,80,20,1,0,5,180,173,83,77,18,58,154,7,1,7,761
27,Kyle Gibson,26,MIN,13,12,31,31,0,0,0,179.1,178,91,89,12,57,107,2,0,11,757
28,Hisashi Iwakuma,33,SEA,15,9,28,28,0,0,0,179.0,167,70,70,20,21,154,2,0,2,709
29,C.J. Wilson*,33,LAA,13,10,31,31,1,1,0,175.2,169,95,88,17,85,151,11,0,9,761
30,Chris Sale*,25,CHW,12,4,26,26,2,0,0,174.0,129,48,42,13,39,208,11,0,3,685
31,Hector Noesi,27,TOT,8,12,33,27,1,0,0,172.1,180,98,91,28,56,123,2,1,9,733
32,Clay Buchholz,29,BOS,8,11,28,28,2,2,0,170.1,182,108,101,17,54,132,10,0,8,737
33,Colby Lewis,34,TEX,10,14,29,29,2,1,0,170.1,211,107,98,25,48,133,8,1,3,762
34,Garrett Richards,26,LAA,13,4,26,26,1,1,0,168.2,124,51,49,5,51,164,7,1,22,678
35,Jake Odorizzi,24,TBR,11,13,31,31,0,0,0,168.0,156,79,77,20,59,174,5,0,3,719
36,Alex Cobb,26,TBR,10,9,27,27,0,0,0,166.1,142,56,53,11,47,149,10,0,8,681
37,Bud Norris,29,BAL,15,8,28,28,0,0,0,165.1,149,68,67,20,52,139,14,0,3,687
38,Chris Young,35,SEA,12,9,30,29,0,0,0,165.0,143,70,67,26,60,108,3,1,5,688
39,Roenis Elias*,25,SEA,10,12,29,29,1,1,0,163.2,151,77,70,16,64,143,11,4,6,693
40,Miguel Gonzalez,30,BAL,10,9,27,26,1,1,0,159.0,155,61,57,25,51,111,8,1,4,671
41,Ricky Nolasco,31,MIN,6,12,27,27,1,0,0,159.0,203,96,95,22,38,115,5,0,5,695
42,J.A. Happ*,31,TOR,11,11,30,26,0,0,0,158.0,160,79,74,22,51,133,2,0,1,673
43,Collin McHugh,27,HOU,11,9,25,25,0,0,0,154.2,117,53,47,13,41,157,6,0,6,619
44,Trevor Bauer,23,CLE,5,8,26,26,0,0,0,153.0,151,76,71,16,60,143,11,0,6,663
45,Drew Smyly*,25,TOT,9,10,28,25,1,1,0,153.0,136,57,55,18,42,133,1,0,8,618
46,Danny Duffy*,25,KCR,9,12,31,25,0,0,0,149.1,113,52,42,12,53,113,5,0,5,606
47,Jesse Chavez,30,OAK,8,8,32,21,0,0,0,146.0,142,64,56,17,49,136,5,0,7,621
48,Yu Darvish,27,TEX,10,7,22,22,2,1,0,144.1,133,54,49,13,49,182,2,1,14,605
49,Brett Oberholtzer*,24,HOU,5,13,24,24,0,0,0,143.2,170,73,70,12,28,94,3,3,2,623
50,Nick Martinez,23,TEX,5,12,29,24,0,0,0,140.1,150,79,71,18,55,77,3,0,7,610
51,John Lackey,35,BOS,11,7,21,21,1,0,0,137.1,137,60,55,15,32,116,0,1,3,572
52,Masahiro Tanaka,25,NYY,13,5,20,20,3,1,0,136.1,123,47,42,15,21,141,4,0,4,542
53,Matt Shoemaker,27,LAA,16,4,27,20,0,0,0,136.0,122,49,46,14,24,124,4,0,5,543
54,Carlos Carrasco,27,CLE,8,7,40,14,1,1,1,134.0,103,40,38,7,29,140,3,0,4,529
55,Brad Peacock,26,HOU,4,9,28,24,0,0,0,131.2,136,80,69,20,70,119,4,0,6,589
56,Marcus Stroman,23,TOR,11,6,26,20,1,1,1,130.2,125,56,53,7,28,111,3,1,9,534
57,Scott Carroll,29,CHW,5,10,26,19,0,0,0,129.1,147,81,69,13,45,64,12,1,5,573
58,Kevin Correia,33,MIN,5,13,23,23,0,0,0,129.1,157,76,71,13,32,61,5,1,3,572
59,Hector Santiago*,26,LAA,6,9,30,24,0,0,0,127.1,120,63,53,15,53,108,3,1,5,544
60,Anibal Sanchez,30,DET,8,5,22,21,0,0,0,126.0,108,55,48,4,30,102,3,0,5,514
61,Nick Tepesch,25,TEX,5,11,23,22,0,0,0,126.0,128,66,61,15,44,56,7,0,1,537
62,Ubaldo Jimenez,30,BAL,6,9,25,22,0,0,0,125.1,113,68,67,14,77,116,4,0,4,553
63,Jake Peavy,33,BOS,1,9,20,20,0,0,0,124.0,131,67,65,20,46,100,3,1,2,538
64,Tommy Milone*,27,TOT,6,4,22,21,0,0,0,118.0,128,63,55,16,37,75,5,0,0,519
65,Jarred Cosart,24,HOU,9,7,20,20,0,0,0,116.1,119,61,57,7,51,75,3,0,7,507
66,Kevin Gausman,23,BAL,7,7,20,20,1,0,0,113.1,111,48,45,7,38,88,1,0,9,476
67,David Phelps,27,NYY,5,5,32,17,1,0,1,113.0,115,62,55,13,46,92,7,1,2,497
68,Tyler Skaggs*,22,LAA,5,5,18,18,0,0,0,113.0,107,59,54,9,30,86,4,0,7,464
69,Jeff Samardzija,29,OAK,5,6,16,16,2,0,0,111.2,92,42,39,13,12,99,4,0,4,430
70,Danny Salazar,24,CLE,6,8,20,20,1,1,0,110.0,117,57,52,13,35,120,3,0,3,474
71,Josh Tomlin,29,CLE,6,9,25,16,1,1,0,104.0,120,66,55,18,14,94,1,0,6,446
72,T.J. House*,24,CLE,5,3,19,18,0,0,0,102.0,113,41,38,10,22,80,7,0,1,429
73,Rubby De La Rosa,25,BOS,4,8,19,18,0,0,0,101.2,116,51,50,12,35,74,2,1,3,441
74,Sam Deduno,30,TOT,2,6,35,9,0,0,0,100.2,97,53,50,9,46,83,10,4,8,443
75,Justin Masterson,29,CLE,4,6,19,19,0,0,0,98.0,106,66,60,6,56,93,11,0,9,452
76,Chris Capuano*,35,TOT,3,4,40,12,0,0,0,97.1,101,51,47,10,34,84,4,1,8,429
77,Brandon McCarthy,30,NYY,7,5,14,14,1,1,0,90.1,91,35,29,10,13,82,1,0,1,370
78,Dellin Betances,26,NYY,5,0,70,0,0,0,1,90.0,46,15,14,4,24,135,4,1,2,341
79,Brandon Workman,25,BOS,1,10,19,15,0,0,0,87.0,88,57,50,11,36,70,1,0,2,378
80,Dan Otero,29,OAK,8,2,72,0,0,0,1,86.2,80,24,22,4,15,45,2,0,1,348
81,Zach McAllister,26,CLE,4,7,22,15,0,0,0,86.0,96,54,50,7,28,74,0,0,3,377
82,Anthony Swarzak,28,MIN,3,2,50,4,0,0,0,86.0,100,48,44,5,28,47,0,2,0,378
83,Cesar Ramos*,30,TBR,2,6,43,7,0,0,0,82.2,73,39,34,8,39,66,1,0,4,360
84,Dustin McGowan,32,TOR,5,3,53,8,0,0,1,82.0,80,41,38,13,33,61,3,0,2,354
85,Scott Baker,32,TEX,3,4,25,8,0,0,0,80.2,82,49,49,15,14,55,2,0,0,332
86,Tom Wilhelmsen,30,SEA,3,2,57,2,0,0,1,79.1,47,22,20,6,36,72,2,0,4,317
87,Shane Greene,25,NYY,5,4,15,14,0,0,0,78.2,81,38,33,8,29,81,6,0,1,345
88,Adam Warren,26,NYY,3,6,69,0,0,0,3,78.2,63,27,26,4,24,76,3,0,4,324
89,Robbie Ross*,25,TEX,3,6,27,12,0,0,0,78.1,103,65,54,9,30,51,7,0,6,365
90,Vidal Nuno*,26,NYY,2,5,17,14,0,0,0,78.0,86,52,47,15,26,60,2,0,4,339
91,Zach Britton*,26,BAL,3,2,71,0,0,0,37,76.1,46,17,14,4,23,62,1,0,0,285
92,Michael Pineda,25,NYY,5,5,13,13,0,0,0,76.1,56,18,16,5,7,59,0,1,3,290
93,Bryan Shaw,26,CLE,5,5,80,0,0,0,2,76.1,61,26,22,6,22,64,2,1,4,313
94,Erik Bedard*,35,TBR,4,6,17,15,0,0,0,75.2,84,46,40,10,29,64,2,0,3,342
95,Chase Whitley,25,NYY,4,3,24,12,0,0,0,75.2,94,44,44,10,18,60,4,0,2,330
96,Erasmo Ramirez,24,SEA,1,6,17,14,0,0,0,75.1,82,44,44,13,34,60,6,0,3,338
97,Todd Redmond,29,TOR,1,4,42,0,0,0,1,75.0,73,33,27,5,27,60,2,0,2,314
98,Joe Smith,30,LAA,7,2,76,0,0,0,15,74.2,45,16,15,4,15,68,6,0,4,285
99,James Paxton*,25,SEA,6,4,13,13,0,0,0,74.0,60,29,25,3,29,59,1,0,7,303
100,Jake Petricka,26,CHW,1,6,67,0,0,0,14,73.0,67,24,24,3,33,55,2,0,2,307
101,Luke Gregerson,30,OAK,5,5,72,0,0,0,3,72.1,58,20,17,6,15,59,1,0,6,284
102,Scott Atchison,38,CLE,6,0,70,0,0,0,2,72.0,60,24,22,4,14,49,0,0,1,280
103,Wade Davis,28,KCR,9,2,71,0,0,0,3,72.0,38,8,8,0,23,109,3,0,1,279
104,Shawn Tolleson,26,TEX,3,1,64,0,0,0,0,71.2,56,23,22,10,28,69,1,0,4,296
105,Jake McGee*,27,TBR,5,2,73,0,0,0,19,71.1,48,15,15,2,16,90,2,0,1,274
106,Danny Farquhar,27,SEA,3,1,66,0,0,0,1,71.0,58,23,21,5,22,81,4,2,6,290
107,Burke Badenhop,31,BOS,0,3,70,0,0,0,1,70.2,70,20,18,1,19,40,2,0,2,289
108,Kelvin Herrera,24,KCR,4,3,70,0,0,0,0,70.0,54,12,11,0,26,59,3,0,1,285
109,Cody Allen,25,CLE,6,4,76,0,0,0,24,69.2,48,21,16,7,26,91,1,0,4,279
110,Brandon Maurer,23,SEA,1,4,38,7,0,0,0,69.2,74,39,36,6,19,55,0,0,3,301
111,Drew Pomeranz*,25,OAK,5,4,20,10,0,0,0,69.0,51,22,18,7,26,64,1,0,0,278
112,Aaron Loup*,26,TOR,4,4,71,0,0,0,4,68.2,50,25,24,4,30,56,6,0,5,283
113,Darren O'Day,31,BAL,5,2,68,0,0,0,4,68.2,42,14,13,6,19,73,8,0,0,271
114,Jason Hammel,31,OAK,2,6,13,12,0,0,0,67.2,66,34,32,13,21,54,3,0,2,286
115,Daniel Webb,24,CHW,6,5,57,0,0,0,0,67.2,59,31,30,6,42,58,2,0,13,296
116,Neal Cotts*,34,TEX,2,9,73,0,0,0,2,66.2,66,33,32,6,23,63,3,2,4,286
117,Ronald Belisario,31,CHW,4,8,62,0,0,0,8,66.1,78,46,41,4,18,47,5,0,2,292
118,Dominic Leone,22,SEA,8,2,57,0,0,0,0,66.1,52,18,16,4,25,70,3,0,4,272
119,Fernando Rodney,37,SEA,1,6,69,0,0,0,48,66.1,61,24,21,3,28,76,3,0,4,286
120,Kevin Jepsen,29,LAA,0,2,74,0,0,0,2,65.0,45,19,19,4,23,75,2,0,5,260
121,Brad Boxberger,26,TBR,5,2,63,0,0,0,2,64.2,34,17,17,9,20,104,4,2,3,247
122,Andre Rienzo,25,CHW,4,5,18,11,0,0,0,64.2,82,54,49,12,33,51,5,1,6,312
123,David Robertson,29,NYY,4,5,63,0,0,0,39,64.1,45,23,22,7,23,96,1,0,0,259
124,Koji Uehara,39,BOS,6,5,64,0,0,0,26,64.1,51,18,18,10,8,80,1,0,1,249
125,Jared Burton,33,MIN,3,5,68,0,0,0,3,64.0,58,34,31,6,25,46,3,0,1,272
126,Jeremy Hellickson,27,TBR,1,5,13,13,0,0,0,63.2,71,35,32,8,21,54,2,0,8,281
127,Casey Fien,30,MIN,5,6,73,0,0,0,1,63.1,64,29,28,7,10,51,0,0,2,260
128,Joel Peralta,38,TBR,3,4,69,0,0,0,1,63.1,60,31,31,9,15,74,1,0,2,265
129,Joba Chamberlain,28,DET,2,5,69,0,0,0,2,63.0,57,26,25,3,24,59,3,0,3,263
130,Junichi Tazawa,28,BOS,4,3,71,0,0,0,0,63.0,58,23,20,5,17,64,0,0,5,261
131,Sean Doolittle*,27,OAK,2,4,61,0,0,0,22,62.2,38,19,19,5,8,89,0,0,0,236
132,Grant Balfour,36,TBR,2,6,65,0,0,0,12,62.1,49,34,34,3,41,57,1,0,4,270
133,Brad Brach,28,BAL,7,1,46,0,0,0,0,62.1,48,24,22,6,25,54,1,0,2,254
134,Greg Holland,28,KCR,1,3,65,0,0,0,46,62.1,37,13,10,3,20,90,0,0,9,240
135,Andrew Miller*,29,TOT,5,5,73,0,0,0,1,62.1,33,16,14,3,17,103,5,0,3,242
136,Glen Perkins*,31,MIN,4,3,63,0,0,0,34,61.2,62,29,25,7,11,66,2,0,3,260
137,Joe Kelly,26,BOS,4,2,10,10,0,0,0,61.1,47,29,28,5,32,41,4,0,0,259
138,Tommy Hunter,27,BAL,3,2,60,0,0,0,11,60.2,55,22,20,4,12,45,1,0,2,241
139,Yohan Pino,30,MIN,2,5,11,11,0,0,0,60.1,66,37,34,8,14,50,1,0,2,258
140,Edward Mujica,30,BOS,2,4,64,0,0,0,8,60.0,69,28,26,6,14,43,0,0,1,253
141,Felix Doubront*,26,BOS,2,4,17,10,0,0,0,59.1,69,45,40,10,26,43,2,0,4,277
142,Aaron Crow,27,KCR,6,1,67,0,0,0,3,59.0,52,32,27,10,24,34,0,0,2,244
143,Mike Morin,23,LAA,4,4,60,0,0,0,0,59.0,51,22,19,3,19,54,3,0,3,246
144,Allen Webster,24,BOS,5,3,11,11,0,0,0,59.0,58,35,33,3,28,36,7,0,2,259
145,T.J. McFarland*,25,BAL,4,2,37,1,0,0,0,58.2,70,22,18,2,13,34,4,0,0,255
146,Fernando Salas,29,LAA,5,0,57,0,0,0,0,58.2,50,22,22,5,14,61,1,1,1,239
147,Phil Coke*,31,DET,5,2,62,0,0,0,1,58.0,69,28,25,5,20,41,2,0,1,257
148,Joe Nathan,39,DET,5,4,62,0,0,0,35,58.0,60,32,31,5,29,54,1,1,4,259
149,Jerome Williams,32,TOT,2,5,28,2,0,0,0,57.2,77,44,43,7,19,44,3,0,2,267
150,Fernando Abad*,28,OAK,2,4,69,0,0,0,0,57.1,34,11,10,4,15,51,4,0,0,216
151,Al Alburquerque,28,DET,3,1,72,0,0,0,1,57.1,46,16,16,7,21,63,3,2,2,236
152,Miles Mikolas,25,TEX,2,5,10,10,0,0,0,57.1,64,43,41,8,18,38,4,1,0,255
153,Yoervis Medina,25,SEA,5,3,66,0,0,0,0,57.0,48,18,17,3,28,60,5,0,8,247
154,Cory Rasmus,26,LAA,3,2,30,6,0,0,0,56.0,42,17,16,5,17,57,0,0,0,225
155,Josh Fields,28,HOU,4,6,54,0,0,0,4,54.2,50,29,27,2,17,70,2,0,0,231
156,Zach Putnam,26,CHW,5,3,49,0,0,0,6,54.2,39,14,12,2,20,46,1,0,5,213
157,Craig Breslow*,33,BOS,2,4,60,0,0,0,1,54.1,73,40,36,8,28,37,2,1,3,260
158,Brian Duensing*,31,MIN,3,3,62,0,0,0,0,54.1,52,20,20,6,20,33,1,0,2,229
159,Brett Cecil*,27,TOR,2,3,66,0,0,0,5,53.1,46,16,16,2,27,76,1,0,1,234
160,Jim Johnson,31,TOT,5,2,54,0,0,0,2,53.1,69,46,42,5,35,42,6,0,4,263
161,Shawn Kelley,30,NYY,3,6,59,0,0,0,4,51.2,45,26,26,5,20,67,1,0,3,220
162,Brian Matusz*,27,BAL,2,3,63,0,0,0,0,51.2,51,23,20,7,17,53,3,0,3,226
163,Martin Perez*,23,TEX,4,3,8,8,2,2,0,51.1,50,25,25,3,19,35,1,0,1,207
164,Chad Qualls,35,HOU,1,5,58,0,0,0,19,51.1,54,22,19,5,5,43,2,0,1,213
165,Tony Sipp*,30,HOU,4,3,56,0,0,0,4,50.2,28,19,19,5,17,63,0,0,3,198
166,Ryan Cook,27,OAK,1,3,54,0,0,0,1,50.0,32,19,19,3,22,50,2,0,3,202
167,Ryan Webb,28,BAL,3,3,51,0,0,0,0,49.1,50,21,21,2,12,37,1,1,1,207
168,Bruce Chen*,37,KCR,2,4,13,7,0,0,0,48.1,69,40,40,7,16,36,1,0,0,223
169,Caleb Thielbar*,27,MIN,2,1,54,0,0,0,0,47.2,51,19,18,3,16,35,1,0,0,206
170,Jason Frasor,36,TOT,4,1,61,0,0,0,0,47.1,40,17,14,3,18,46,2,0,3,196
171,Javy Guerra,28,CHW,2,4,42,0,0,0,1,46.1,41,15,15,3,20,38,5,0,2,198
172,Marc Rzepczynski*,28,CLE,0,3,73,0,0,0,1,46.0,42,19,14,1,19,46,3,0,2,196
173,CC Sabathia*,33,NYY,3,4,8,8,0,0,0,46.0,58,31,27,10,10,48,4,0,2,209
174,Casey Janssen,32,TOR,3,3,50,0,0,0,25,45.2,47,22,20,6,7,28,1,0,0,192
175,Trevor May,24,MIN,3,6,10,9,0,0,0,45.2,59,41,40,7,22,44,2,0,3,213
176,Esmil Rogers,28,TOT,2,0,34,1,0,0,0,45.2,50,30,29,8,17,44,2,1,1,202
177,Joe Beimel*,37,SEA,3,1,56,0,0,0,0,45.0,39,12,11,4,14,25,1,0,3,184
178,Joakim Soria,30,TOT,2,4,48,0,0,0,18,44.1,38,19,16,2,6,48,2,0,1,182
179,John Axford,31,CLE,2,3,49,0,0,0,10,43.2,34,21,19,6,30,51,1,0,4,196
180,Joe Saunders*,33,TOT,0,5,14,8,0,0,0,43.0,65,37,32,9,24,23,2,0,0,215
181,Charlie Furbush*,28,SEA,1,5,67,0,0,0,1,42.1,40,17,17,4,9,51,3,0,2,177
182,Kyle Lobstein*,24,DET,1,2,7,6,0,0,0,39.1,35,20,19,3,14,27,0,0,0,164
183,Anthony Ranaudo,24,BOS,4,3,7,7,0,0,0,39.1,39,21,21,10,16,15,0,0,2,170
184,Blaine Hardy*,27,DET,2,1,38,0,0,0,0,39.0,34,12,11,1,20,31,1,0,1,167
185,David Huff*,29,NYY,3,1,30,0,0,0,0,39.0,34,10,8,3,17,28,0,0,1,166
186,Dan Straily,25,OAK,1,2,7,7,0,0,0,38.1,33,21,21,9,15,34,1,0,2,159
187,Scott Downs*,38,TOT,0,4,55,0,0,0,1,38.0,36,24,21,2,20,25,0,0,1,165
188,Taijuan Walker,21,SEA,2,3,8,5,1,0,0,38.0,31,12,11,2,18,34,3,1,2,160
189,Derek Holland*,27,TEX,2,0,6,5,0,0,0,37.0,34,8,6,0,5,25,0,0,1,145
190,Kirby Yates,27,TBR,0,2,37,0,0,0,1,36.0,33,16,15,4,15,42,3,0,2,156
191,Jake Buchanan,24,HOU,1,3,17,2,0,0,0,35.1,41,19,18,4,12,20,1,0,2,154
192,Darin Downs*,29,HOU,2,1,45,0,0,0,0,34.2,28,22,21,2,19,27,3,2,2,148
193,Louis Coleman,28,KCR,1,0,31,0,0,0,1,34.0,39,21,21,6,18,24,1,0,3,154
194,Brandon Gomes,29,TBR,2,2,29,0,0,0,0,34.0,28,14,14,5,11,24,0,0,3,138
195,Matt Lindstrom,34,CHW,2,2,35,0,0,0,6,34.0,47,23,19,3,12,18,1,0,3,158
196,Jason Grilli,37,LAA,1,3,40,0,0,0,1,33.2,29,15,13,0,10,36,3,0,1,142
197,Brandon Morrow,29,TOR,1,3,13,6,0,0,0,33.1,37,21,21,2,18,30,0,1,1,148
198,Roman Mendez,23,TEX,0,1,30,0,0,0,0,33.0,20,8,8,2,17,22,2,0,2,136
199,Aaron Sanchez,21,TOR,2,2,24,0,0,0,3,33.0,14,5,4,1,9,27,1,0,1,121
200,Liam Hendriks,25,TOT,1,2,9,6,0,0,0,32.2,38,21,19,3,7,23,3,0,1,143
201,Ian Krol*,23,DET,0,0,45,0,0,0,1,32.2,42,23,18,6,13,28,2,1,1,154
202,Jose Veras,33,HOU,4,0,34,0,0,0,1,32.2,25,13,11,4,16,37,0,0,3,139
203,Francisley Bueno*,33,KCR,0,0,30,0,0,0,0,32.1,36,16,15,3,7,20,1,1,1,142
204,Evan Reed,28,DET,0,1,32,0,0,0,0,32.1,39,19,15,2,12,26,3,1,1,145
205,Neftali Feliz,26,TEX,2,1,30,0,0,0,13,31.2,20,7,7,5,11,21,0,0,1,122
206,Chad Jenkins,26,TOR,1,1,21,0,0,0,0,31.2,34,10,9,2,6,18,1,0,0,136
207,Juan Carlos Oviedo,32,TBR,3,3,32,0,0,0,1,31.2,27,14,13,3,16,26,3,0,5,140
208,Ernesto Frieri,28,LAA,0,3,34,0,0,0,11,31.0,33,22,22,8,9,38,1,0,0,133
209,Josh Lueke,29,TBR,1,2,25,0,0,0,0,30.1,38,20,19,7,5,19,1,0,0,135
210,Kyle Crockett*,22,CLE,4,1,43,0,0,0,0,30.0,26,6,6,2,8,28,3,1,0,122
211,Chris Bassitt,25,CHW,1,1,6,5,0,0,0,29.2,34,13,13,0,13,21,3,0,0,137
212,Wade LeBlanc*,29,TOT,1,1,11,3,0,0,0,29.2,27,13,13,2,7,21,2,0,1,121
213,Maikel Cleto,25,CHW,0,1,28,0,0,0,0,29.1,24,18,15,3,23,32,3,0,4,138
214,Robbie Ray*,22,DET,1,4,9,6,0,0,0,28.2,43,26,26,5,11,19,0,1,2,136
215,Josh Outman*,29,TOT,4,0,40,0,0,0,0,28.1,24,10,9,4,16,26,0,0,1,122
216,Ryan Pressly,25,MIN,2,0,25,0,0,0,0,28.1,30,10,9,3,8,14,1,0,1,122
217,Alex Wilson,27,BOS,1,0,18,0,0,0,0,28.1,20,8,6,3,5,19,2,0,1,109
218,Matt Guerrier,35,MIN,0,1,27,0,0,0,0,28.0,30,12,12,1,10,12,1,0,3,124
219,C.C. Lee,27,CLE,1,1,37,0,0,0,0,28.0,30,15,14,3,12,26,3,0,3,127
220,Anthony Bass,26,HOU,1,1,21,0,0,0,2,27.0,32,20,19,6,7,7,2,0,2,119
221,Huston Street,30,LAA,1,2,28,0,0,0,17,26.1,24,5,5,1,7,23,0,0,0,108
222,Steve Delabar,30,TOR,3,0,30,0,0,0,0,25.2,19,14,14,3,19,21,3,0,2,114
223,Michael Mariot,25,KCR,1,0,17,0,0,0,0,25.0,31,21,18,2,12,21,0,1,5,118
224,Alexi Ogando,30,TEX,2,3,27,0,0,0,1,25.0,33,19,19,1,15,22,1,0,4,122
225,Paul Clemens,26,HOU,0,1,13,0,0,0,0,24.2,28,20,16,5,13,16,1,0,0,118
226,Matt Thornton*,37,NYY,0,3,46,0,0,0,0,24.2,23,9,7,0,6,20,4,0,0,107
227,Eric Surkamp*,26,CHW,2,0,35,0,0,0,0,24.1,22,14,13,3,13,20,1,0,0,107
228,Jeff Beliveau*,27,TBR,0,0,30,0,0,0,1,24.0,19,7,7,1,7,28,2,1,1,100
229,Logan Darnell*,25,MIN,0,2,7,4,0,0,0,24.0,31,20,19,5,8,22,1,0,0,112
230,Alex Colome,25,TBR,2,0,5,3,0,0,0,23.2,19,7,7,1,10,13,0,0,3,97
231,Erik Johnson,24,CHW,1,1,5,5,0,0,0,23.2,27,18,17,1,15,18,2,0,3,109
232,Michael Kohn,28,LAA,2,1,25,0,0,0,0,23.2,11,9,8,1,20,26,2,0,3,101
233,Mike Pelfrey,30,MIN,0,3,5,5,0,0,0,23.2,29,23,21,5,18,10,2,0,1,119
234,Nick Hagadone*,28,CLE,1,0,35,0,0,0,0,23.1,18,7,7,3,6,27,0,0,0,91
235,Evan Meek,31,BAL,0,4,23,0,0,0,0,23.1,26,16,15,3,11,16,2,0,1,107
236,Tanner Scheppers,27,TEX,0,1,8,4,0,0,0,23.0,31,24,23,6,10,17,3,0,2,111
237,Nick Tropeano,23,HOU,1,3,4,4,0,0,0,21.2,19,12,11,0,9,13,1,0,1,91
238,Kevin Chapman*,26,HOU,2,0,21,0,0,0,0,21.1,22,11,11,3,11,19,0,0,0,97
239,Aaron Poreda*,27,TEX,2,1,26,0,0,0,0,21.1,30,14,14,2,7,21,1,0,1,97
240,Preston Claiborne,26,NYY,3,0,18,0,0,0,0,21.0,24,9,7,1,10,16,0,0,0,96
241,Tim Collins*,24,KCR,0,3,22,0,0,0,0,21.0,18,9,9,2,11,15,2,0,1,90
242,Sergio Santos,30,TOR,0,3,26,0,0,0,5,21.0,28,22,20,5,18,29,0,0,4,106
243,Steven Wright,29,BOS,0,1,6,1,0,0,0,21.0,21,8,6,2,4,22,0,0,1,86
244,Lisalverto Bonilla,24,TEX,3,0,5,3,0,0,0,20.2,13,8,7,2,12,17,1,0,1,83
245,Brad Mills*,29,TOT,1,1,5,3,0,0,0,20.2,29,22,21,5,11,19,2,0,1,101
246,Ivan Nova,27,NYY,2,2,4,4,0,0,0,20.2,32,19,19,6,6,12,2,0,1,96
247,Josh Zeid,27,HOU,0,0,23,0,0,0,0,20.2,30,18,16,6,7,18,1,0,1,98
248,Eric O'Flaherty*,29,OAK,1,0,21,0,0,0,1,20.0,15,5,5,3,4,15,2,0,3,80
249,Alfredo Aceves,31,NYY,1,2,10,0,0,0,0,19.1,23,14,14,6,4,16,1,1,0,85
250,Cam Bedrosian,22,LAA,0,1,17,0,0,0,0,19.1,23,17,14,2,12,20,0,1,1,93
251,Phil Klein,25,TEX,1,2,17,0,0,0,0,19.0,11,6,6,3,10,23,2,1,1,79
252,Tommy Layne*,29,BOS,2,1,30,0,0,0,0,19.0,14,4,2,0,8,14,1,0,2,76
253,Michael Tonkin,24,MIN,0,0,25,0,0,0,0,19.0,23,13,10,2,6,16,2,0,1,87
254,Michael Foltynewicz,22,HOU,0,1,16,0,0,0,0,18.2,23,11,11,3,7,14,0,0,3,84
255,Vinnie Pestano,29,TOT,0,1,25,0,0,0,0,18.2,18,8,6,3,5,26,0,0,2,78
256,Felipe Paulino,30,CHW,0,2,4,4,0,0,0,18.1,35,24,23,6,12,14,1,0,2,103
257,Heath Bell,36,TBR,1,1,13,0,0,0,0,17.1,24,16,14,1,8,12,4,0,1,88
258,Matt Harrison*,28,TEX,1,1,4,4,0,0,0,17.1,20,8,8,1,12,10,1,0,1,84
259,Yoslan Herrera,33,LAA,1,1,20,0,0,0,0,16.2,22,5,5,0,9,13,0,0,0,77
260,Jeff Francis*,33,TOT,1,1,11,0,0,0,1,15.0,13,10,10,2,3,11,1,0,1,62
261,Matt Daley,32,NYY,0,1,13,0,0,0,0,14.1,12,11,8,4,6,10,1,0,0,63
262,Pat McCoy*,25,DET,0,0,14,0,0,0,0,14.0,21,6,6,0,13,11,0,0,0,74
263,Kris Johnson*,29,MIN,0,1,3,3,0,0,0,13.1,17,7,7,2,9,12,0,0,1,64
264,Josh Stinson,26,BAL,0,0,8,0,0,0,0,13.0,16,9,9,2,6,6,2,0,1,61
265,Alex Claudio*,22,TEX,0,0,15,0,0,0,0,12.1,14,4,4,0,4,14,0,1,0,54
266,Lucas Harrell,29,HOU,0,3,3,3,0,0,0,12.1,19,14,13,2,9,9,0,0,1,66
267,Justin Miller,27,DET,1,0,8,0,0,0,0,12.1,14,9,7,2,2,5,0,0,0,53
268,Michael Roth*,24,LAA,1,0,7,0,0,0,0,12.1,16,12,12,2,9,9,3,0,0,60
269,Casey Coleman,26,KCR,1,0,10,0,0,0,0,12.0,16,8,7,0,6,5,0,0,0,55
270,Nate Karns,26,TBR,1,1,2,2,0,0,0,12.0,7,6,6,3,4,13,2,0,0,49
271,Kyle Farnsworth,38,HOU,0,0,16,0,0,0,0,11.2,14,8,8,0,9,8,0,0,1,57
272,Evan Scribner,28,OAK,1,0,13,0,0,0,0,11.2,11,6,6,4,0,11,1,0,0,47
273,Chad Smith,24,DET,0,0,10,0,0,0,0,11.2,15,7,7,1,3,9,0,0,0,50
274,Rob Rasmussen*,25,TOR,0,0,10,0,0,0,0,11.1,8,4,4,1,7,13,2,0,2,50
275,A.J. Achter,25,MIN,1,0,7,0,0,0,0,11.0,14,7,4,2,3,5,0,0,0,49
276,Bryan Mitchell,23,NYY,0,1,3,1,0,0,0,11.0,10,3,3,0,3,7,2,0,0,44
277,Preston Guilmet,26,BAL,0,1,10,0,0,0,0,10.1,8,6,6,2,2,12,0,0,1,43
278,Kyle Ryan*,22,DET,2,0,6,1,0,0,0,10.1,10,3,3,0,2,4,0,1,0,41
279,Nathan Adcock,26,TEX,0,0,7,0,0,0,0,10.0,11,5,5,2,5,9,2,0,1,45
280,Matt Albers,31,HOU,0,0,8,0,0,0,0,10.0,10,1,1,0,3,8,1,0,0,42
281,Heath Hembree,25,BOS,0,0,6,0,0,0,0,10.0,11,5,5,1,5,6,0,0,1,43
282,Matt Moore*,25,TBR,0,2,2,2,0,0,0,10.0,10,3,3,1,5,6,0,0,0,44
283,Jose Ramirez,24,NYY,0,2,8,0,0,0,0,10.0,11,6,6,2,7,10,2,0,0,49
284,Neil Wagner,30,TOR,0,0,10,0,0,0,0,10.0,12,9,9,1,4,6,1,0,0,49
285,Buck Farmer,23,DET,0,1,4,2,0,0,0,9.1,12,12,12,2,5,11,2,0,0,46
286,Spencer Patton,26,TEX,1,0,9,0,0,0,0,9.1,6,1,1,0,2,8,0,0,0,35
287,Matt Barnes,24,BOS,0,0,5,0,0,0,0,9.0,11,4,4,1,2,8,0,0,0,39
288,Pedro Figueroa*,28,TEX,2,1,10,0,0,0,0,9.0,10,7,4,1,3,3,2,0,0,42
289,Lucas Luetge*,27,SEA,0,0,12,0,0,0,0,9.0,6,5,5,3,5,7,0,0,1,38
290,Fernando Rodriguez,30,OAK,1,0,7,0,0,0,0,9.0,4,1,1,0,2,4,0,0,0,33
291,Corey Knebel,22,DET,0,0,8,0,0,0,0,8.2,11,7,6,0,3,11,0,0,1,39
292,Ben Rowen,25,TEX,0,0,8,0,0,0,0,8.2,10,4,4,0,4,7,0,0,0,39
293,Jon Edwards,26,TEX,0,0,9,0,0,0,0,8.1,13,5,4,0,5,9,1,0,2,43
294,Steve Geltz,26,TBR,0,1,11,0,0,0,0,8.1,6,3,3,3,5,14,2,0,0,37
295,Carson Smith,24,SEA,1,0,9,0,0,0,0,8.1,2,0,0,0,3,10,0,0,0,29
296,Jorge De Leon,26,HOU,0,0,8,0,0,0,0,7.1,9,4,4,2,3,4,0,0,1,33
297,Ryan Feierabend*,28,TEX,0,0,6,0,0,0,0,7.1,12,5,5,0,2,4,0,0,1,36
298,Drew Rucinski,25,LAA,0,0,3,0,0,0,0,7.1,9,4,4,0,2,8,1,0,0,34
299,Aaron Thompson*,27,MIN,0,0,7,0,0,0,0,7.1,8,2,2,0,2,6,0,0,0,31
300,Austin Adams,27,CLE,0,0,6,0,0,0,0,7.0,9,7,7,1,1,4,0,0,0,30
301,Brandon Finnegan*,21,KCR,0,1,7,0,0,0,0,7.0,6,1,1,0,1,10,0,0,0,28
302,Mark Lowe,31,CLE,0,1,7,0,0,0,0,7.0,10,7,3,2,6,6,0,0,1,39
303,David Martinez,26,HOU,0,0,3,0,0,0,0,7.0,5,4,4,1,2,6,0,0,0,28
304,Drake Britton*,25,BOS,0,0,7,0,0,0,0,6.2,5,0,0,0,2,4,0,0,0,27
305,Daniel Norris*,21,TOR,0,0,5,1,0,0,0,6.2,5,4,4,1,5,4,0,0,0,30
306,Troy Patton*,28,BAL,0,1,9,0,0,0,0,6.2,9,6,6,1,4,5,0,0,0,31
307,Nick Maronde*,24,LAA,0,0,11,0,0,0,0,6.1,12,9,9,0,7,7,1,0,1,38
308,Lester Oliveros,26,MIN,0,1,7,0,0,0,0,6.1,6,5,5,2,3,5,0,0,2,27
309,Joe Thatcher*,32,LAA,1,1,16,0,0,0,0,6.1,13,6,6,0,1,2,2,0,0,35
310,Blake Wood,28,CLE,0,1,7,0,0,0,0,6.1,4,5,5,0,7,7,1,0,0,30
311,Donnie Veal*,29,CHW,0,0,7,0,0,0,0,6.0,6,5,5,0,7,6,1,0,1,32
312,Jairo Diaz,23,LAA,0,0,5,0,0,0,0,5.2,4,2,2,0,3,8,0,0,0,24
313,Michael Kirkman*,27,TEX,0,1,12,0,0,0,0,5.2,5,1,1,0,1,3,2,0,0,22
314,Rudy Owens*,26,HOU,0,1,1,1,0,0,0,5.2,9,5,5,1,2,1,1,0,0,29
315,Justin Germano,31,TEX,0,0,2,0,0,0,0,5.1,8,7,7,1,3,3,1,0,0,28
316,Rich Hill*,34,TOT,0,0,16,0,0,0,0,5.1,7,2,2,0,6,9,1,0,1,29
317,C.J. Riefenhauser*,24,TBR,0,0,7,0,0,0,0,5.1,6,5,5,0,3,2,0,0,0,24
318,Taylor Thompson,27,CHW,0,0,5,0,0,0,0,5.1,9,6,6,1,4,4,1,0,0,28
319,Drew VerHagen,23,DET,0,1,1,1,0,0,0,5.0,5,3,3,0,3,4,0,0,0,20
320,Jose Cisnero,25,HOU,0,0,5,0,0,0,0,4.2,8,5,5,0,4,5,0,0,0,25
321,Kendall Graveman,23,TOR,0,0,5,0,0,0,0,4.2,4,2,2,0,0,4,0,0,1,18
322,Josh Lindblom,27,OAK,0,0,1,1,0,0,0,4.2,5,2,2,1,2,2,1,0,0,22
323,Blake Beavan,25,SEA,0,1,1,1,0,0,0,4.0,6,2,2,2,0,1,0,0,0,16
324,Bruce Billings,28,NYY,0,0,1,0,0,0,0,4.0,4,4,4,2,1,7,0,0,0,17
325,Phil Irwin,27,TEX,0,1,1,1,0,0,0,4.0,6,3,3,1,2,2,1,0,1,20
326,Seth Rosin,25,TEX,1,0,3,0,0,0,0,4.0,6,3,3,0,1,3,0,0,0,19
327,Joe Savery*,28,OAK,0,0,3,0,0,0,0,4.0,3,0,0,0,1,0,0,0,0,15
328,Matt West,25,TEX,0,0,3,0,0,0,0,4.0,6,3,3,0,1,3,0,0,0,18
329,Frank Francisco,34,CHW,0,0,4,0,0,0,0,3.2,7,6,5,2,3,5,0,0,1,22
330,Raul Valdes*,36,HOU,0,0,8,0,0,0,1,3.2,5,5,5,2,3,4,0,0,0,19
331,Jeremy Jeffress,26,TOR,0,0,3,0,0,0,0,3.1,8,4,4,0,3,4,2,0,0,21
332,Bobby Korecky,34,TOR,0,0,2,0,0,0,0,3.1,4,3,3,0,1,2,0,0,0,14
333,David Carpenter,26,LAA,0,0,1,0,0,0,0,3.0,1,0,0,0,0,0,2,0,0,12
334,Kyle Drabek,26,TOR,0,0,2,0,0,0,0,3.0,2,0,0,0,2,5,0,0,0,13
335,Aaron Brooks,24,KCR,0,1,2,1,0,0,0,2.2,12,13,13,1,3,2,2,0,0,24
336,Charles Leesman*,27,CHW,0,1,1,1,0,0,0,2.2,9,6,6,1,1,0,0,0,0,17
337,Jim Miller,32,NYY,0,0,2,0,0,0,0,2.2,7,6,6,3,2,2,0,0,0,16
338,Bryan Price,27,CLE,0,0,3,0,0,0,0,2.2,8,6,6,3,1,1,2,0,0,19
339,Luke Putkonen,28,DET,0,0,2,0,0,0,0,2.2,6,8,8,2,2,1,1,0,0,18
340,Dane De La Rosa,31,LAA,0,0,3,0,0,0,0,2.1,3,3,3,0,3,0,0,0,1,13
341,Daniel McCutchen,31,TEX,0,0,1,0,0,0,0,2.1,4,3,2,1,2,0,0,0,0,14
342,Scott Snodgress*,24,CHW,0,0,4,0,0,0,0,2.1,8,7,4,1,3,1,0,0,1,19
343,Edwin Escobar*,22,BOS,0,0,2,0,0,0,0,2.0,1,1,1,0,0,2,1,0,0,8
344,Chris Leroux,30,NYY,0,1,2,0,0,0,0,2.0,7,5,5,0,2,3,0,0,0,15
345,Justin Marks*,26,KCR,0,0,1,0,0,0,0,2.0,4,3,3,0,3,2,0,0,0,13
346,Melvin Mercedes,23,DET,0,0,1,0,0,0,0,2.0,0,0,0,0,0,2,0,0,0,6
347,Wilking Rodriguez,24,KCR,0,0,2,0,0,0,0,2.0,1,0,0,0,1,1,0,0,0,7
348,Chaz Roe,27,NYY,0,0,3,0,0,0,0,2.0,3,3,2,0,3,4,0,0,1,13
349,Danny Worth,28,DET,0,0,2,0,0,0,0,2.0,4,1,1,0,0,2,0,0,0,10
350,Stephen Pryor,24,SEA,0,0,1,0,0,0,0,1.2,1,1,0,0,2,1,0,0,1,8
351,Jose Ortega,25,DET,0,1,1,0,0,0,0,1.1,0,4,4,0,4,1,1,0,0,9
352,Kevin Whelan,30,DET,0,0,1,0,0,0,0,1.1,3,2,2,2,2,1,0,0,1,9
353,Dean Anna,27,NYY,0,0,1,0,0,0,0,1.0,3,2,2,0,0,0,0,0,0,6
354,J.P. Arencibia,28,TEX,0,0,1,0,0,0,0,1.0,1,0,0,0,0,0,0,0,0,4
355,Cesar Cabral*,25,NYY,0,0,4,0,0,0,0,1.0,4,3,3,0,2,2,3,1,1,12
356,Mike Carp,28,BOS,0,0,1,0,0,0,0,1.0,0,1,1,0,5,0,0,0,0,7
357,Adam Dunn,34,CHW,0,0,1,0,0,0,0,1.0,2,1,1,0,1,0,0,0,0,6
358,Leury Garcia,23,CHW,0,1,1,0,0,0,0,1.0,1,2,2,0,2,0,0,0,0,6
359,Chris Gimenez,31,TEX,0,0,1,0,0,0,0,1.0,0,0,0,0,0,1,0,0,0,3
360,Mitch Moreland*,28,TEX,0,0,1,0,0,0,0,1.0,0,0,0,0,0,0,0,0,0,3
361,Sean Nolin*,24,TOR,0,0,1,0,0,0,0,1.0,1,1,1,1,0,0,0,0,0,4
362,Ramon Ramirez,32,BAL,0,0,1,0,0,0,0,1.0,0,0,0,0,1,2,0,0,0,4
363,Andrew Romine,28,DET,0,0,1,0,0,0,0,1.0,4,3,3,2,0,1,0,0,1,7
364,Steven Tolleson,30,TOR,0,0,2,0,0,0,0,1.0,1,0,0,0,0,1,0,0,0,4
365,Josh Wall,27,LAA,0,0,2,0,0,0,0,1.0,5,6,6,0,3,0,0,0,0,11
366,Jose Alvarez*,25,LAA,0,0,2,0,0,0,0,0.2,1,0,0,0,0,1,0,0,0,3
367,Sean Burnett*,31,LAA,0,0,3,0,0,0,0,0.2,1,1,1,0,0,0,0,0,0,3
368,Jarrett Grube,32,LAA,0,0,1,0,0,0,0,0.2,1,1,1,1,0,0,0,0,0,3
369,Donnie Joseph*,26,KCR,0,0,1,0,0,0,0,0.2,5,6,6,1,1,2,0,0,0,8
370,Nate Jones,28,CHW,0,0,2,0,0,0,0,0.0,2,4,4,0,3,0,0,0,0,5