1,Ian Kinsler,32,DET,161,684,100,188,40,4,17,92,15,4,29,79,20,5,3,5,1
2,Jose Altuve,24,HOU,158,660,85,225,47,3,7,59,56,9,36,53,20,5,1,5,7
3,Hunter Pence,31,SFG,162,650,106,180,29,10,20,74,13,6,52,130,13,3,0,3,3
4,Adam Jones,28,BAL,159,644,88,181,30,2,29,96,7,1,19,133,11,12,0,7,1
5,Nick Markakis*,30,BAL,155,642,81,177,27,1,14,50,4,2,62,84,10,4,0,2,4
6,Albert Pujols,34,LAA,159,633,89,172,37,1,28,105,5,1,48,71,28,5,0,9,11
7,Evan Longoria,28,TBR,162,624,83,158,26,1,22,91,5,0,57,133,15,9,1,9,11
8,Alexei Ramirez,32,CHW,158,622,82,170,35,2,15,74,21,4,24,81,21,6,1,4,0
9,Elvis Andrus,25,TEX,157,619,72,163,35,1,2,41,27,15,46,96,21,3,9,7,0
10,Howie Kendrick,30,LAA,157,617,85,181,33,5,7,75,14,5,48,110,15,4,3,2,8
11,Casey McGehee,31,MIA,160,616,56,177,29,1,4,76,4,2,67,102,31,1,0,7,3
12,Nelson Cruz,33,BAL,159,613,87,166,32,2,40,108,4,5,55,140,17,5,0,5,8
13,Anthony Rendon,24,WSN,153,613,111,176,39,6,21,83,17,3,58,104,11,5,2,5,2
14,Michael Brantley*,27,CLE,156,611,94,200,45,2,20,97,23,1,52,56,16,8,0,5,4
15,Miguel Cabrera,31,DET,159,611,101,191,52,1,25,109,1,1,60,117,21,3,0,11,10
16,Jose Reyes#,31,TOR,143,610,94,175,33,4,9,51,30,2,38,73,4,1,2,4,1
17,Denard Span*,30,WSN,147,610,94,184,39,8,5,37,31,7,50,65,6,2,3,3,1
18,Dee Gordon*,26,LAD,148,609,92,176,24,12,2,34,64,19,31,107,3,4,3,3,0
19,Josh Donaldson,28,OAK,158,608,93,155,31,2,29,98,8,0,76,130,16,7,0,4,5
20,Freddie Freeman*,24,ATL,162,607,93,175,43,4,18,78,3,4,90,145,18,8,0,3,4
21,Mike Trout,22,LAA,157,602,115,173,39,9,36,111,16,2,83,184,6,10,0,10,6
22,Ben Revere*,26,PHI,151,601,71,184,13,7,2,28,49,8,13,49,11,4,7,1,1
23,Yoenis Cespedes,28,TOT,152,600,89,156,36,6,22,100,7,2,35,128,13,3,0,7,3
24,James Loney*,30,TBR,155,600,59,174,27,0,9,69,4,0,41,80,21,4,0,6,2
25,Brian Dozier,27,MIN,156,598,112,145,33,1,23,71,21,7,89,129,8,9,3,8,1
26,Todd Frazier,28,CIN,157,597,88,163,22,1,29,80,20,8,52,139,9,7,0,4,2
27,Austin Jackson,27,TOT,154,597,71,153,30,6,4,47,20,6,47,144,15,2,1,9,0
28,Daniel Murphy*,29,NYM,143,596,79,172,37,2,9,57,13,5,39,86,15,2,0,5,3
29,Robinson Cano*,31,SEA,157,595,77,187,37,2,14,82,10,3,61,68,19,6,0,3,20
30,Matt Carpenter*,28,STL,158,595,99,162,33,2,8,59,5,3,95,111,3,8,2,9,2
31,Charlie Blackmon*,27,COL,154,593,82,171,27,3,19,72,28,10,31,96,3,13,6,5,5
32,Ian Desmond,28,WSN,154,593,73,151,26,3,24,91,24,5,46,183,17,6,0,3,0
33,Marlon Byrd,36,PHI,154,591,71,156,28,2,25,85,3,2,35,185,6,8,0,3,7
34,Adrian Gonzalez*,32,LAD,159,591,83,163,41,0,27,116,1,1,56,112,13,2,0,11,9
35,Kyle Seager*,26,SEA,159,590,71,158,27,4,25,96,7,5,52,118,12,8,1,3,3
36,Erick Aybar#,30,LAA,156,589,77,164,30,4,7,68,16,9,36,62,10,5,3,8,4
37,Chase Utley*,35,PHI,155,589,74,159,36,6,11,78,10,1,53,85,8,13,0,9,12
38,Pablo Sandoval#,27,SFG,157,588,68,164,26,3,16,73,0,0,39,85,16,4,0,7,6
39,Jonathan Lucroy,28,MIL,153,585,73,176,53,2,13,69,4,4,66,71,13,2,0,2,3
40,Chris Johnson,29,ATL,153,582,43,153,27,0,10,58,6,0,23,159,23,2,2,2,2
41,Christian Yelich*,22,MIA,144,582,94,165,30,6,9,54,21,7,70,137,9,3,3,2,3
42,Derek Jeter,40,NYY,145,581,47,149,19,1,4,50,10,2,35,87,15,6,8,4,0
43,Alcides Escobar,27,KCR,162,579,74,165,34,5,3,50,31,6,23,83,12,6,8,4,1
44,Salvador Perez,24,KCR,150,578,57,150,28,2,17,70,1,0,22,85,22,3,0,3,2
45,Jacoby Ellsbury*,30,NYY,149,575,71,156,27,5,16,70,39,5,49,93,9,3,0,7,5
46,Carlos Gomez,28,MIL,148,574,95,163,34,4,23,73,34,12,47,141,10,19,1,3,0
47,Matt Holliday,34,STL,156,574,83,156,37,0,20,90,4,1,74,100,20,17,0,2,4
48,Jason Heyward*,24,ATL,149,573,74,155,26,3,11,58,20,4,67,98,2,6,0,3,3
49,Ben Zobrist#,33,TBR,146,570,83,155,34,3,10,52,10,5,75,84,8,1,2,6,4
50,Ryan Howard*,34,PHI,153,569,65,127,18,1,23,95,0,0,67,190,10,7,0,5,7
51,Melky Cabrera#,29,TOR,139,568,81,171,35,3,16,73,6,2,43,67,19,3,2,5,3
52,Justin Upton,26,ATL,154,566,77,153,34,2,29,102,8,4,60,171,10,6,0,8,1
53,Marcell Ozuna,23,MIA,153,565,72,152,26,5,23,85,3,1,41,164,12,1,0,5,1
54,Matt Dominguez,24,HOU,157,564,51,121,17,0,16,57,0,1,29,125,23,5,2,7,2
55,Curtis Granderson*,33,NYM,155,564,73,128,27,2,20,66,8,2,79,141,1,6,0,5,1
56,Alex Gordon*,30,KCR,156,563,87,150,34,1,19,74,12,3,65,126,11,11,0,4,5
57,Billy Hamilton#,23,CIN,152,563,72,141,25,8,6,48,56,23,34,117,1,1,9,4,0
58,Victor Martinez#,35,DET,151,561,87,188,33,0,32,103,3,2,70,42,17,4,0,6,28
59,Jhonny Peralta,32,STL,157,560,61,147,38,0,21,75,3,2,58,112,19,6,0,4,2
60,Yasiel Puig,23,LAD,148,558,92,165,37,9,16,69,11,7,67,124,7,12,2,1,3
61,Jose Abreu,27,CHW,145,556,80,176,35,2,36,107,3,1,51,131,14,11,0,4,15
62,Brett Gardner*,30,NYY,148,555,87,142,25,8,17,58,21,5,56,134,3,6,13,6,0
63,Jose Bautista,33,TOR,155,553,101,158,27,0,35,103,6,2,104,96,18,9,1,6,11
64,Asdrubal Cabrera#,28,TOT,146,553,74,133,31,4,14,61,10,2,49,108,15,7,1,6,2
65,Dustin Pedroia,30,BOS,135,551,72,153,33,0,7,53,6,6,51,75,14,1,0,6,1
66,Adrian Beltre,35,TEX,148,549,79,178,33,1,19,77,1,1,57,74,15,3,0,5,13
67,Billy Butler,28,KCR,151,549,57,149,32,0,9,66,0,0,41,96,21,5,0,8,3
68,Torii Hunter,38,DET,142,549,71,157,33,2,17,83,4,3,23,89,18,7,0,7,0
69,Andrew McCutchen,27,PIT,146,548,89,172,38,6,25,83,18,3,84,115,9,10,0,6,8
70,Buster Posey,27,SFG,147,547,72,170,28,2,22,89,0,1,47,69,16,3,0,8,5
71,Matt Kemp,29,LAD,150,541,77,155,38,3,25,89,8,5,52,145,21,0,0,6,3
72,Carlos Santana#,28,CLE,152,541,68,125,25,0,27,85,5,2,113,124,13,3,0,3,5
73,Andrelton Simmons,24,ATL,146,540,44,132,18,4,7,46,4,5,32,60,25,0,2,2,4
,LgAvg per 600 PA,,,229,540,64,135,26,3,13,61,9,3,46,123,12,5,4,4,3
74,Giancarlo Stanton,24,MIA,145,539,89,155,31,1,37,105,13,1,94,170,16,3,0,2,24
75,Xander Bogaerts,21,BOS,144,538,60,129,28,1,12,46,2,3,39,138,11,8,2,7,1
76,Jimmy Rollins#,35,PHI,138,538,78,131,22,4,17,55,28,6,64,100,6,1,3,3,2
77,Adeiny Hechavarria,25,MIA,146,536,53,148,20,10,1,34,7,5,26,86,21,1,4,6,5
78,Martin Prado,30,TOT,143,536,62,151,26,4,12,58,3,1,26,80,20,7,0,4,0
79,David Wright,31,NYM,134,535,54,144,30,1,8,63,8,5,42,113,22,4,0,5,5
80,Jayson Werth,35,WSN,147,534,85,156,37,1,16,82,9,1,83,113,9,9,0,3,3
81,Nick Castellanos,22,DET,148,533,50,138,31,4,11,66,2,2,36,140,7,3,0,7,3
82,Leonys Martin*,26,TEX,155,533,68,146,13,7,7,40,31,12,39,114,4,2,7,2,3
83,Ryan Braun,30,MIL,135,530,68,141,30,6,19,81,11,5,41,113,17,6,0,3,3
84,J.J. Hardy,31,BAL,141,529,56,142,28,0,9,52,0,0,29,104,12,4,3,4,1
85,Gerardo Parra*,27,TOT,150,529,64,138,22,4,9,40,9,7,32,100,10,5,6,2,5
86,Starlin Castro,24,CHC,134,528,58,154,33,1,14,65,4,4,35,100,18,4,0,2,4
87,Omar Infante,32,KCR,135,528,50,133,21,3,6,66,9,3,33,68,7,2,5,7,3
88,Matt Adams*,25,STL,142,527,55,152,34,5,15,68,3,2,26,114,9,3,0,7,5
89,Anthony Rizzo*,24,CHC,140,524,89,150,28,1,32,78,5,4,73,116,8,15,0,4,7
90,Dayan Viciedo,25,CHW,145,523,65,121,22,3,21,58,0,1,32,122,19,5,0,3,3
91,Josh Harrison,26,PIT,143,520,77,164,38,7,13,52,18,7,22,81,6,4,2,2,1
92,Trevor Plouffe,28,MIN,136,520,69,134,40,2,14,80,2,1,53,109,12,4,0,5,2
93,B.J. Upton,29,ATL,141,519,67,108,19,5,12,35,20,7,57,173,6,1,3,2,5
94,David Ortiz*,38,BOS,142,518,59,136,27,0,35,104,0,0,75,95,18,3,0,6,22
95,Lucas Duda*,28,NYM,153,514,74,130,27,0,30,92,3,2,69,135,9,9,0,4,8
96,Jean Segura,24,MIL,146,513,61,126,14,6,5,31,20,9,28,70,13,4,10,2,5
97,Neil Walker#,28,PIT,137,512,74,139,25,3,23,76,2,2,45,88,12,11,1,2,2
98,Chris Carter,27,HOU,145,507,68,115,21,1,37,88,5,2,56,182,12,5,0,4,6
99,Zack Cozart,28,CIN,147,506,48,112,18,5,4,38,7,0,25,79,13,7,5,0,3
100,Jordy Mercer,27,PIT,149,506,56,129,27,2,12,55,4,1,35,89,14,4,5,5,12
101,Eric Hosmer*,24,KCR,131,503,54,136,35,1,9,58,4,2,35,93,12,3,0,6,4
102,Dustin Ackley*,26,SEA,143,502,64,123,27,4,14,65,8,4,32,90,10,3,3,2,1
103,Jed Lowrie#,30,OAK,136,502,59,125,29,3,6,50,0,0,51,79,14,5,2,6,5
104,Justin Morneau*,33,COL,135,502,62,160,32,3,17,82,0,3,34,60,7,6,0,8,4
105,Khris Davis,26,MIL,144,501,70,122,37,2,22,69,4,1,32,122,13,10,0,6,0
106,Aaron Hill,32,ARI,133,501,52,122,26,3,10,60,4,3,28,92,16,5,0,7,0
107,Jason Kipnis*,27,CLE,129,500,61,120,25,1,6,41,22,3,50,100,15,2,1,2,2
108,Brandon Moss*,30,OAK,147,500,70,117,23,2,25,81,1,0,67,153,6,10,0,3,7
109,Garrett Jones*,33,MIA,146,496,59,122,33,2,15,53,0,1,46,116,10,1,0,4,4
110,Starling Marte,25,PIT,135,495,73,144,29,6,13,56,30,11,33,131,5,17,0,0,0
111,Brian McCann*,30,NYY,140,495,57,115,15,1,23,75,0,0,32,77,16,7,0,4,1
112,Adam LaRoche*,34,WSN,140,494,73,128,19,0,26,92,3,0,82,108,13,2,0,8,9
113,DJ LeMahieu,25,COL,149,494,59,132,15,5,5,42,10,10,33,97,13,2,7,2,7
114,Aramis Ramirez,36,MIL,133,494,47,141,23,1,15,66,3,0,21,75,18,13,0,3,2
115,Jay Bruce*,27,CIN,137,493,71,107,21,1,18,66,12,3,44,149,8,2,1,5,5
116,Kole Calhoun*,26,LAA,127,493,90,134,31,3,17,58,5,3,38,104,5,2,2,2,0
117,Alex Rios,33,TEX,131,492,54,138,30,8,4,54,17,9,23,93,19,1,0,5,3
118,Nori Aoki*,32,KCR,132,491,63,140,22,6,1,43,17,8,43,49,5,6,8,1,0
119,Brandon Crawford*,27,SFG,153,491,54,121,20,10,10,69,5,3,59,129,4,2,2,10,10
120,Miguel Montero*,30,ARI,136,489,40,119,23,0,13,72,0,4,56,97,12,9,0,6,11
121,Adam Eaton*,25,CHW,123,486,76,146,26,10,1,35,15,9,43,83,4,5,2,2,0
122,Yan Gomes,26,CLE,135,485,61,135,25,3,21,74,0,0,24,120,13,3,0,6,3
123,Dioner Navarro#,30,TOR,139,481,40,132,22,0,12,69,3,0,32,76,12,1,0,6,1
124,Desmond Jennings,27,TBR,123,479,64,117,30,2,10,36,15,6,47,108,10,6,9,1,0
125,Lonnie Chisenhall*,25,CLE,142,478,62,134,29,1,13,59,3,1,39,99,8,8,4,3,3
126,Luis Valbuena*,28,CHC,149,478,68,119,33,4,16,51,1,2,65,113,8,2,1,1,4
127,Alejandro De Aza*,30,TOT,142,477,56,120,24,8,8,41,17,10,39,119,7,6,3,3,2
128,Edwin Encarnacion,31,TOR,128,477,75,128,27,2,34,98,2,0,62,82,18,2,0,1,6
129,Yunel Escobar,31,TBR,137,476,33,123,18,0,7,39,1,1,43,60,15,4,4,2,3
130,Domonic Brown*,26,PHI,144,473,47,111,22,1,10,63,7,1,34,91,9,1,0,4,4
131,Lorenzo Cain,28,KCR,133,471,55,142,29,4,5,53,28,5,24,108,9,4,0,3,2
132,Chase Headley#,30,TOT,135,470,55,114,20,1,13,49,7,3,51,122,17,9,0,1,1
133,Yangervis Solarte#,26,TOT,131,469,56,122,19,1,10,48,0,1,53,58,13,4,3,6,1
134,Jason Castro*,27,HOU,126,465,43,103,21,2,14,56,1,0,34,151,11,9,1,3,1
135,Conor Gillaspie*,26,CHW,130,464,50,131,31,5,7,57,0,4,36,78,5,3,0,3,4
136,Coco Crisp#,34,OAK,126,463,68,114,21,3,9,47,19,5,66,66,3,0,1,6,2
137,David Freese,31,LAA,134,462,53,120,25,1,10,55,1,3,38,124,10,6,0,5,0
138,Brandon Phillips,33,CIN,121,462,44,123,25,0,8,51,2,3,23,74,13,6,2,6,1
139,Allen Craig,29,TOT,126,461,41,99,20,1,8,46,2,1,35,113,14,7,0,2,0
140,Rajai Davis,33,DET,134,461,64,130,27,2,8,51,36,11,22,75,7,5,3,3,0
141,Mike Moustakas*,25,KCR,140,457,45,97,21,1,15,54,1,0,35,74,12,3,1,4,1
142,Shin-Soo Choo*,31,TEX,123,455,58,110,19,1,13,40,3,4,58,131,9,12,0,4,3
143,Joe Mauer*,31,MIN,120,455,60,126,27,2,4,55,3,0,60,96,12,1,0,2,12
144,Jonathan Schoop,22,BAL,137,455,48,95,18,0,16,45,2,0,13,122,12,8,5,0,0
145,Kurt Suzuki,30,MIN,131,452,37,130,34,0,3,61,0,1,34,46,9,9,1,7,0
146,Chris Davis*,28,BAL,127,450,65,88,16,0,26,72,2,1,60,173,2,9,1,5,9
147,Brock Holt*,26,BOS,106,449,68,126,23,5,4,29,12,2,33,98,7,2,5,3,0
148,Hanley Ramirez,30,LAD,128,449,64,127,35,0,13,71,14,5,56,84,10,6,0,1,2
149,Gordon Beckham,27,TOT,127,446,53,101,27,0,9,44,3,0,22,81,17,7,3,5,2
150,Michael Bourn*,31,CLE,106,444,57,114,17,10,3,28,10,6,35,114,5,3,3,2,1
151,Seth Smith*,31,SDP,136,443,55,118,31,5,12,48,1,1,69,87,9,4,0,4,3
152,J.D. Martinez,26,DET,123,441,57,139,30,3,23,76,6,3,30,126,8,3,0,6,5
153,Scooter Gennett*,24,MIL,137,440,55,127,31,3,9,54,6,3,22,67,11,0,8,4,5
154,Mark Teixeira#,34,NYY,123,440,56,95,14,0,22,62,1,1,58,109,13,6,0,4,3
155,Mike Morse,32,SFG,131,438,48,122,32,3,16,61,0,0,31,121,19,9,0,4,0
156,Mike Zunino,23,SEA,131,438,51,87,20,2,22,60,0,3,17,158,12,17,0,4,1
157,Corey Dickerson*,25,COL,131,436,74,136,27,6,24,76,8,7,37,101,6,1,0,4,6
158,Dexter Fowler#,28,HOU,116,434,61,120,21,4,8,35,11,4,66,108,6,3,1,1,2
159,Eduardo Escobar#,25,MIN,133,433,52,119,35,2,6,37,1,1,24,93,6,2,4,2,1
160,Nolan Arenado,23,COL,111,432,58,124,34,2,18,61,2,1,25,58,13,4,1,5,1
161,Adam Dunn*,34,TOT,131,429,49,94,18,0,22,64,1,1,71,159,5,7,0,4,5
162,Alexi Amarista*,25,SDP,148,423,39,101,13,2,5,40,12,1,29,69,6,1,8,5,5
163,Ender Inciarte*,23,ARI,118,418,54,116,18,2,4,27,19,3,25,53,3,0,4,0,0
164,Matthew Joyce*,29,TBR,140,418,51,106,23,2,9,52,2,5,62,111,11,4,0,9,4
165,Juan Lagares,25,NYM,116,416,46,117,24,3,4,47,13,4,20,87,6,7,3,6,1
166,David Murphy*,32,CLE,129,416,40,109,25,1,8,58,2,3,36,61,6,2,1,7,2
167,Mike Napoli,32,BOS,119,415,49,103,20,0,17,55,3,2,78,133,12,4,0,3,3
168,Jon Jay*,29,STL,140,413,52,125,16,3,3,46,6,3,28,78,17,20,3,4,3
169,Tyler Flowers,28,CHW,127,407,42,98,16,1,15,50,0,1,25,159,10,8,1,1,0
170,Paul Goldschmidt,26,ARI,109,406,75,122,39,1,19,69,9,3,64,110,10,2,0,3,10
171,Will Venable*,31,SDP,146,406,47,91,13,2,8,33,11,6,33,107,6,4,3,2,2
172,Danny Santana#,23,MIN,101,405,70,129,27,7,7,40,20,4,19,98,3,3,2,1,0
173,Alberto Callaspo#,31,OAK,127,404,37,90,15,0,4,39,0,1,40,50,18,1,0,6,1
174,Yadier Molina,31,STL,110,404,40,114,21,0,7,38,1,1,28,55,14,6,1,6,4
175,Carlos Beltran#,37,NYY,109,403,46,94,23,0,15,49,3,1,37,80,11,4,0,5,2
176,Kolten Wong*,23,STL,113,402,52,100,14,3,12,42,20,4,21,71,12,4,5,1,3
177,Jedd Gyorko,25,SDP,111,400,37,84,17,1,10,51,3,2,36,100,8,4,0,3,1
178,Pedro Alvarez*,27,PIT,122,398,46,92,13,1,18,56,8,3,45,113,12,2,0,0,6
179,Cody Asche*,24,PHI,121,397,43,100,25,0,10,46,0,1,33,102,6,0,3,1,4
180,Emilio Bonifacio#,29,TOT,110,394,47,102,17,4,3,24,26,8,26,85,2,0,6,0,2
181,Gregor Blanco*,30,SFG,146,393,51,102,18,6,5,38,16,5,41,77,4,3,6,1,1
182,Alex Avila*,27,DET,124,390,44,85,22,0,11,47,0,3,61,151,6,3,1,2,1
183,Drew Stubbs,29,COL,132,388,67,112,22,4,15,43,20,3,30,136,4,1,2,3,1
184,Rougned Odor*,20,TEX,114,386,39,100,14,7,9,48,4,7,17,71,7,5,6,3,1
185,Juan Uribe,35,LAD,103,386,36,120,23,0,9,54,0,1,15,77,15,1,0,2,2
186,Chris Coghlan*,29,CHC,125,385,50,109,28,5,9,41,7,4,39,81,5,3,3,2,2
187,Travis d'Arnaud,25,NYM,108,385,48,93,22,3,13,41,1,0,32,64,15,2,1,1,5
188,Derek Norris,25,OAK,127,385,46,104,19,1,10,55,2,2,54,86,12,1,1,1,2
189,Jackie Bradley*,24,BOS,127,384,45,76,19,2,1,30,8,0,31,121,10,5,1,2,1
190,Devin Mesoraco,26,CIN,114,384,54,105,25,0,25,80,1,3,41,103,5,12,0,3,4
191,Angel Pagan#,32,SFG,96,383,56,115,21,2,3,27,16,6,25,53,5,1,1,3,1
192,Wilin Rosario,25,COL,106,382,46,102,25,0,13,54,1,0,23,70,17,0,0,5,5
193,Carlos Ruiz,35,PHI,110,381,43,96,25,1,6,31,4,2,46,60,11,12,1,5,1
194,Welington Castillo,27,CHC,110,380,28,90,19,0,13,46,0,0,26,102,7,7,2,2,0
195,Russell Martin,31,PIT,111,379,45,110,20,0,11,67,4,4,59,78,16,15,2,5,5
196,Mark Reynolds,30,MIL,130,378,47,74,9,0,22,45,5,1,47,122,8,3,1,4,3
197,Yasmani Grandal#,25,SDP,128,377,47,85,19,1,15,49,3,0,58,115,7,2,0,6,1
198,Jarrod Saltalamacchia#,29,MIA,114,373,43,82,20,0,11,44,0,1,55,143,11,2,0,5,4
199,Oswaldo Arcia*,23,MIN,103,372,46,86,16,3,20,57,1,2,31,127,6,6,0,1,4
200,Evan Gattis,27,ATL,108,369,41,97,17,1,22,52,0,0,22,97,9,8,0,2,3
201,Brad Miller*,24,SEA,123,367,47,81,15,4,10,36,4,2,34,95,2,2,3,3,2
202,Kendrys Morales#,31,TOT,98,367,28,80,20,0,8,42,0,0,27,68,12,3,0,4,3
203,Daniel Nava#,31,BOS,113,363,41,98,21,0,4,37,4,2,33,81,5,10,0,2,1
204,Josh Reddick*,27,OAK,109,363,53,96,16,7,12,54,1,1,28,63,3,1,0,3,0
205,Ike Davis*,27,TOT,143,360,43,84,19,0,11,51,0,4,63,78,8,0,0,4,3
206,Robbie Grossman#,24,HOU,103,360,42,84,14,2,6,37,9,3,55,105,7,2,3,2,1
207,Nick Swisher#,33,CLE,97,360,33,75,20,0,8,42,0,0,36,111,7,0,1,4,0
208,Ichiro Suzuki*,40,NYY,143,359,42,102,13,2,1,22,15,3,21,68,3,1,2,2,1
209,Everth Cabrera#,27,SDP,90,357,36,83,13,1,3,20,18,8,20,86,5,1,9,4,0
210,Ryan Ludwick,35,CIN,112,357,28,87,20,0,9,45,0,2,31,94,6,4,1,4,1
211,Ruben Tejada,24,NYM,119,355,30,84,11,0,5,34,1,2,50,73,8,8,4,2,11
212,Nate Schierholtz*,30,TOT,122,353,32,69,11,4,7,37,4,5,20,84,6,4,0,6,0
213,Bryce Harper*,21,WSN,100,352,41,96,10,2,13,32,2,2,38,104,6,1,3,1,4
214,Sam Fuld*,32,TOT,113,351,40,84,16,4,4,36,21,4,43,63,2,0,6,2,2
215,Brayan Pena#,32,CIN,115,348,23,88,18,1,5,26,2,3,20,42,8,0,1,3,2
216,Grady Sizemore*,31,TOT,112,347,35,81,19,4,5,27,6,1,33,76,10,0,0,1,0
217,Colby Rasmus*,27,TOR,104,346,45,78,21,1,18,40,4,0,29,124,1,1,0,0,2
218,Mike Aviles,33,CLE,113,344,38,85,16,1,5,39,14,5,13,49,10,1,11,5,0
219,Carl Crawford*,32,LAD,105,343,56,103,14,3,8,46,23,6,16,55,5,6,0,4,0
220,Andre Ethier*,32,LAD,130,341,29,85,17,6,4,42,2,2,31,74,5,6,1,1,3
221,Wilson Ramos,26,WSN,88,341,32,91,12,0,11,47,0,0,17,57,17,0,0,3,2
222,Josh Hamilton*,33,LAA,89,338,43,89,21,0,10,44,3,3,32,108,2,5,0,6,5
223,Steve Pearce,31,BAL,102,338,51,99,26,0,21,49,5,0,40,76,4,4,0,1,1
224,A.J. Pierzynski*,37,TOT,102,338,25,85,12,1,5,37,0,1,14,54,13,5,1,4,2
225,Logan Morrison*,26,SEA,99,336,41,88,20,0,11,38,5,2,24,59,9,3,0,2,1
226,Danny Espinosa#,27,WSN,114,333,31,73,14,3,8,27,8,1,18,122,5,12,0,1,5
227,Kevin Kiermaier*,24,TBR,108,331,35,87,16,8,10,35,5,4,23,71,3,3,5,2,2
228,Chris Denorfia,33,TOT,121,330,36,76,12,4,3,21,9,3,25,70,6,0,2,1,0
229,David Peralta*,26,ARI,88,329,40,94,12,9,8,36,6,3,16,60,9,1,1,1,0
230,Mark Trumbo,28,ARI,88,328,37,77,15,1,14,61,2,3,28,89,8,1,0,5,3
231,Manny Machado,21,BAL,82,327,38,91,14,0,12,32,2,0,20,68,13,3,2,2,2
232,Wil Myers,23,TBR,87,325,37,72,14,0,6,35,6,1,34,90,10,0,0,2,3
233,Chris Young,30,TOT,111,325,40,72,20,0,11,38,8,3,32,70,3,5,1,3,2
234,Travis Snider*,26,PIT,140,322,37,85,15,1,13,38,1,1,34,67,10,2,1,0,2
235,Tommy La Stella*,25,ATL,93,319,22,80,16,1,1,31,2,1,36,40,8,1,3,1,2
236,Brian Roberts#,36,NYY,91,317,40,75,16,4,5,21,7,4,28,53,9,1,1,1,1
237,Troy Tulowitzki,29,COL,91,315,71,107,18,1,21,52,1,1,50,57,4,5,0,5,4
238,James Jones*,25,SEA,108,312,46,78,9,5,0,9,27,1,12,67,4,0,4,0,0
239,Chris Owings,22,ARI,91,310,34,81,15,6,6,26,8,1,16,67,4,2,2,2,0
240,Jon Singleton*,22,HOU,95,310,42,52,13,0,13,44,2,3,50,134,4,1,0,1,1
241,Donovan Solano,26,MIA,111,310,26,78,11,1,3,28,1,2,19,61,5,3,7,1,0
242,Josh Rutledge,25,COL,105,309,44,83,16,7,4,33,2,3,20,83,6,6,5,2,0
243,Junior Lake,24,CHC,108,308,30,65,10,3,9,25,7,3,14,110,3,1,1,2,0
244,John Jaso*,30,OAK,99,307,42,81,18,3,9,40,2,0,28,60,5,7,0,2,1
245,Robinson Chirinos,30,TEX,93,306,36,73,15,0,13,40,0,1,17,71,4,7,4,4,1
246,Chris Iannetta,31,LAA,108,306,41,77,22,0,7,43,3,0,54,91,3,8,0,5,3
247,Logan Forsythe,27,TBR,110,301,32,67,12,1,6,26,2,0,25,71,9,4,2,4,0
248,Josh Willingham,35,TOT,92,297,48,64,10,1,14,40,2,0,53,102,6,9,0,5,3
249,George Springer,24,HOU,78,295,45,68,8,1,20,51,5,2,39,114,4,9,0,2,4
250,Rene Rivera,30,SDP,103,294,27,74,18,1,11,44,0,0,27,76,6,3,3,2,3
251,Brandon Barnes,28,COL,132,292,37,75,17,4,8,27,5,4,15,100,11,0,6,0,0
252,Eric Sogard*,28,OAK,117,291,38,65,10,0,1,22,11,4,31,37,6,1,4,2,0
253,Adam Lind*,30,TOR,96,290,38,93,24,2,6,40,0,0,28,48,8,0,0,0,3
254,Justin Turner,29,LAD,109,288,46,98,21,1,7,43,6,1,28,58,6,4,0,2,1
255,Juan Francisco*,27,TOR,106,287,40,63,16,2,16,43,0,2,27,116,6,3,0,3,0
256,Marwin Gonzalez#,25,HOU,103,285,33,79,15,1,6,23,2,4,17,58,6,4,4,0,0
257,A.J. Ellis,33,LAD,93,283,21,54,9,0,3,25,0,0,53,57,15,4,3,4,5
258,Ryan Flaherty*,27,BAL,102,281,33,62,15,1,7,32,1,0,22,68,3,5,3,1,2
259,Eric Young#,29,NYM,100,280,48,64,10,5,1,17,30,6,24,60,2,5,5,2,1
260,Arismendy Alcantara#,22,CHC,70,278,31,57,11,2,10,29,8,5,17,93,3,2,1,2,0
261,Gregory Polanco*,22,PIT,89,277,50,65,9,0,7,33,14,5,30,59,1,0,2,2,1
262,Chris Heisey,29,CIN,119,275,34,61,15,2,8,22,9,2,15,64,3,2,5,2,0
263,Jonny Gomes,33,TOT,112,273,28,64,8,0,6,37,0,0,35,88,6,6,0,7,2
264,Stephen Drew*,31,TOT,85,271,18,44,14,1,7,26,1,1,27,75,1,0,0,2,3
265,Didi Gregorius*,24,ARI,80,270,35,61,9,5,6,27,3,0,22,52,1,3,2,2,3
266,Joe Panik*,23,SFG,73,269,31,82,10,2,1,18,0,0,16,33,4,0,1,1,0
267,Stephen Vogt*,29,OAK,84,269,26,75,10,2,9,35,1,0,16,39,2,1,0,1,2
268,Yonder Alonso*,27,SDP,84,267,27,64,19,1,7,27,6,1,17,36,8,1,0,3,1
269,Kelly Johnson*,32,TOT,106,265,29,57,14,2,7,27,2,2,29,71,3,2,0,1,0
270,A.J. Pollock,26,ARI,75,265,41,80,19,6,7,24,14,3,19,46,4,2,1,0,0
271,Peter Bourjos,27,STL,119,264,32,61,9,5,4,24,9,3,20,78,5,4,5,1,1
272,Danny Valencia,29,TOT,86,264,20,68,16,1,4,30,1,1,14,62,8,2,0,4,0
273,Jonathan Villar#,23,HOU,87,263,31,55,13,2,7,27,17,4,19,80,4,2,4,1,1
274,Gaby Sanchez,30,PIT,123,262,31,60,18,1,7,33,2,0,23,58,6,2,0,3,0
275,Collin Cowgill,28,LAA,106,260,37,65,10,1,5,21,4,0,26,74,4,5,2,0,0
276,Jarrod Dyson*,29,KCR,120,260,33,70,4,4,1,24,36,7,22,52,5,0,6,2,0
277,Carlos Gonzalez*,28,COL,70,260,35,62,15,1,11,38,3,0,19,70,7,1,0,1,2
278,Wilmer Flores,22,NYM,78,259,28,65,13,1,6,29,1,0,12,31,6,1,1,1,2
279,Brandon Guyer,28,TBR,97,259,37,69,15,1,3,26,6,1,16,52,3,11,7,1,0
280,Brett Lawrie,24,TOR,70,259,27,64,9,0,12,38,0,0,16,49,0,5,0,2,0
281,Lyle Overbay*,37,MIL,121,258,24,60,14,0,4,35,2,0,36,60,8,1,0,1,2
282,Alex Presley*,28,HOU,89,254,22,62,6,1,6,19,5,1,13,44,3,1,1,2,0
283,Michael Choice,24,TEX,86,253,20,46,6,1,9,36,1,0,21,69,11,3,0,3,0
284,Rickie Weeks,31,MIL,121,252,36,69,19,1,8,29,3,4,25,73,7,8,0,1,0
285,Cameron Maybin,27,SDP,95,251,24,59,13,4,1,15,4,3,19,56,8,1,0,1,2
286,Andrew Romine#,28,DET,94,251,30,57,6,0,2,12,12,2,18,60,5,0,4,0,0
287,Chris Parmelee*,26,MIN,87,250,27,64,11,0,7,28,0,3,17,64,7,2,0,1,0
288,Justin Smoak#,27,SEA,80,248,28,50,13,0,7,30,0,1,24,66,8,2,0,2,0
289,Skip Schumaker*,34,CIN,83,247,22,58,12,0,2,22,2,1,18,50,3,1,3,2,0
290,Raul Ibanez*,42,TOT,90,246,23,41,8,3,5,26,3,2,33,59,2,0,0,1,0
291,Caleb Joseph,28,BAL,82,246,22,51,9,0,9,28,0,1,17,69,6,3,6,3,0
292,Eugenio Suarez,22,DET,85,244,33,59,9,1,4,23,3,2,22,67,3,5,5,1,1
293,C.J. Cron,24,LAA,79,242,28,62,12,1,11,37,0,0,10,61,10,1,0,0,0
294,Delmon Young,28,BAL,83,242,27,73,11,1,7,30,2,0,10,51,6,3,0,0,0
295,Munenori Kawasaki*,33,TOR,82,240,31,62,7,1,0,17,1,0,22,49,3,3,8,1,0
296,Tommy Medica,26,SDP,102,240,31,56,11,2,9,27,6,1,14,75,5,4,0,1,0
297,Anthony Gose*,23,TOR,94,239,31,54,8,1,2,13,15,5,25,74,9,5,4,1,0
298,David DeJesus*,34,TBR,83,238,24,59,15,2,6,19,0,3,30,43,7,5,0,0,1
299,Darwin Barney,28,TOT,94,237,24,57,11,2,3,23,1,0,17,34,1,4,2,2,2
300,Jose Ramirez#,21,CLE,68,237,27,62,10,2,2,17,10,1,13,35,3,1,13,2,0
301,Sean Rodriguez,29,TBR,96,237,30,50,13,3,12,41,2,1,10,66,3,6,3,3,0
302,Oscar Taveras*,22,STL,80,234,18,56,8,0,3,22,0,1,12,37,10,1,0,1,0
303,Endy Chavez*,36,SEA,80,232,22,64,12,2,2,23,5,2,15,30,2,0,9,2,0
304,Craig Gentry,30,OAK,94,232,38,59,6,1,0,12,20,2,17,44,2,5,2,0,2
305,Corey Hart,32,SEA,68,232,17,47,9,0,6,21,2,0,16,59,1,6,0,1,1
306,Hank Conger#,26,LAA,80,231,24,51,12,0,4,25,0,2,22,57,6,2,4,1,0
307,Michael Saunders*,27,SEA,78,231,38,63,11,3,8,34,4,5,26,59,2,0,2,4,1
308,Marcus Semien,23,CHW,64,231,30,54,10,2,6,28,3,0,21,70,6,1,2,0,0
309,Alfonso Soriano,38,NYY,67,226,22,50,15,0,6,23,1,0,6,71,3,2,0,4,1
310,Ryan Hanigan,33,TBR,84,225,18,49,9,0,5,34,1,0,31,39,6,3,2,2,0
311,Jose Molina,39,TBR,80,225,4,40,2,0,0,10,3,0,14,55,8,2,4,2,0
312,Mike Olt,25,CHC,89,225,23,36,8,0,12,33,0,1,25,100,3,3,0,5,0
313,Justin Ruggiano,32,CHC,81,224,29,63,13,1,6,28,2,4,18,70,2,3,1,4,0
314,Jake Marisnick,23,TOT,65,221,21,55,8,0,3,19,11,3,8,67,2,3,2,3,3
315,Kevin Frandsen,32,WSN,105,220,17,57,8,0,1,17,0,0,6,26,7,7,2,1,0
316,Joey Votto*,30,CIN,62,220,32,56,16,0,6,23,1,1,47,49,5,3,0,2,2
317,Nick Hundley,30,TOT,83,218,18,53,7,0,6,22,1,0,10,63,3,0,2,3,0
318,Will Middlebrooks,25,BOS,63,215,14,41,10,0,2,19,1,1,15,70,7,4,0,0,1
319,Kennys Vargas#,23,MIN,53,215,26,59,10,1,9,38,0,0,12,63,5,3,0,4,2
320,Brandon Belt*,26,SFG,61,214,30,52,8,0,12,27,3,1,18,64,4,2,0,1,2
321,Jose Lobaton#,29,WSN,66,214,18,50,9,0,2,12,0,0,15,61,5,1,0,0,1
322,Ryan Zimmerman,29,WSN,61,214,26,60,19,1,5,38,0,0,22,37,6,0,0,4,0
323,Javier Baez,21,CHC,52,213,25,36,6,0,9,20,5,1,15,95,5,1,0,0,0
324,Scott Van Slyke,27,LAD,98,212,32,63,13,1,11,29,4,2,28,71,3,4,0,2,0
325,Charlie Culberson,25,COL,95,210,17,41,7,2,3,24,2,2,12,62,6,5,4,2,2
326,Jordan Schafer*,27,TOT,104,210,26,50,9,1,1,15,30,7,22,48,1,0,8,0,1
327,Jeff Baker,33,MIA,90,208,27,55,10,4,3,28,1,0,13,51,8,1,0,3,1
328,Paul Konerko,38,CHW,81,208,15,43,8,0,5,22,0,0,10,51,7,4,0,2,0
329,Ryan Sweeney*,29,CHC,77,207,22,52,9,0,3,20,0,0,15,33,4,1,2,1,2
330,Chris Colabello,30,MIN,59,205,17,47,13,0,6,39,0,2,14,66,2,1,0,0,1
331,Abraham Almonte#,25,TOT,59,204,19,47,10,1,3,15,4,3,12,60,5,1,2,1,0
332,Brandon Hicks,28,SFG,71,204,27,33,6,1,8,22,0,1,32,77,5,2,3,1,3
333,Eduardo Nunez,27,MIN,72,204,26,51,7,4,4,24,9,3,5,31,7,1,3,0,0
334,J.P. Arencibia,28,TEX,63,203,20,36,9,0,10,35,0,0,10,62,6,7,0,2,0
335,Cody Ross,33,ARI,83,202,15,51,8,0,2,15,0,0,15,44,3,1,0,1,0
336,Nick Punto#,36,OAK,73,198,21,41,7,2,2,14,3,1,25,56,5,0,1,0,0
337,Ryan Raburn,33,CLE,74,195,18,39,7,0,4,22,0,0,13,51,8,1,0,3,1
338,Joaquin Arias,29,SFG,107,193,18,49,9,0,0,15,1,0,8,23,1,0,1,2,2
339,Eric Campbell,27,NYM,85,190,16,50,9,0,3,16,3,0,17,55,5,1,0,3,0
340,Michael Cuddyer,35,COL,49,190,32,63,15,1,10,31,3,0,14,30,5,0,0,1,0
341,Mookie Betts,21,BOS,52,189,34,55,12,1,5,18,7,3,21,31,2,2,1,0,0
342,Reed Johnson,37,MIA,113,187,24,44,15,0,2,25,0,1,1,37,4,8,2,3,0
343,Aaron Hicks#,24,MIN,69,186,22,40,8,0,1,18,4,3,36,56,2,0,2,1,0
344,Marc Krauss*,26,HOU,67,186,16,36,6,0,6,21,0,0,21,54,7,1,0,0,0
345,John Baker*,33,CHC,68,182,9,35,7,0,0,15,0,0,19,58,3,2,3,2,3
346,Ryan Goins*,26,TOR,67,181,14,34,6,3,1,15,0,1,5,42,4,0,6,1,0
347,Ed Lucas,32,MIA,69,179,19,45,5,0,1,9,1,0,8,48,4,0,2,0,0
348,Ramon Santiago#,34,CIN,75,179,20,44,8,0,2,17,2,1,24,38,1,3,7,1,0
349,Mark Ellis,37,STL,73,178,15,32,6,0,0,12,4,1,14,38,0,4,4,2,3
350,Cliff Pennington#,30,ARI,68,177,21,45,5,3,2,10,6,1,20,36,1,3,1,0,0
351,Dan Robertson,28,TEX,70,177,23,48,9,1,0,21,6,4,17,28,3,0,2,1,0
352,Stefen Romero,25,SEA,72,177,19,34,6,2,3,11,0,4,4,48,5,6,2,1,0
353,Jeff Mathis,31,MIA,64,175,12,35,7,0,2,12,0,0,15,64,2,0,5,0,2
354,Christian Vazquez,23,BOS,55,175,15,42,9,0,1,20,0,0,19,33,4,0,3,4,1
355,David Lough*,28,BAL,112,174,31,43,6,3,4,16,8,5,15,33,3,1,6,1,0
356,Anthony Recker,30,NYM,58,174,18,35,9,0,7,27,1,1,10,64,2,1,2,2,0
357,Jose Tabata,25,PIT,80,174,14,49,5,2,0,17,1,2,7,26,12,2,1,2,0
358,Avisail Garcia,23,CHW,46,172,19,42,8,0,7,29,4,1,14,44,5,2,0,2,1
359,Drew Butera,30,LAD,61,170,16,32,6,1,3,14,0,0,17,41,1,2,1,2,1
360,Carlos Corporan#,30,HOU,55,170,22,40,6,0,6,19,0,0,14,37,3,3,1,2,0
361,Steven Tolleson,30,TOR,109,170,21,43,7,2,3,16,3,1,12,49,3,2,4,1,0
362,Josmil Pinto,25,MIN,57,169,25,37,8,0,7,18,0,1,24,50,7,1,0,3,0
363,Michael McKenry,29,COL,57,168,23,53,9,0,8,22,0,3,22,42,6,1,1,0,1
364,Mitch Moreland*,28,TEX,52,167,18,41,9,1,2,23,0,0,12,43,7,1,2,2,0
365,Jesus Guzman,30,HOU,69,165,10,31,4,0,2,9,3,0,19,52,4,0,0,0,0
366,Adam Rosales,31,TEX,56,164,20,43,7,0,4,19,4,2,13,42,5,3,0,0,0
367,Don Kelly*,34,DET,95,163,24,40,5,1,0,7,6,1,20,29,6,1,1,0,1
368,Hector Sanchez#,24,SFG,66,163,8,32,8,0,3,28,0,1,8,55,2,2,0,4,1
369,Daniel Descalso*,27,STL,104,161,20,39,11,0,0,10,1,3,20,33,2,2,1,0,0
370,Moises Sierra,25,TOT,96,161,22,37,8,2,2,9,3,1,8,43,1,0,0,1,0
371,Efren Navarro*,28,LAA,64,159,17,39,10,1,1,14,1,3,13,27,0,0,2,0,2
372,Derek Dietrich*,24,MIA,49,158,31,36,6,2,5,17,1,0,13,38,1,10,2,0,0
373,Ryan Doumit#,33,ATL,100,157,11,31,4,0,5,17,1,0,7,49,1,1,0,1,1
374,Bryan Holaday,26,DET,62,156,14,36,5,1,0,15,1,1,8,37,4,1,2,4,0
375,Jason Kubel*,32,MIN,45,156,12,35,6,1,1,13,1,0,19,59,1,1,0,0,1
376,Jordan Pacheco,28,TOT,69,153,10,39,10,1,0,16,0,0,9,27,6,1,1,1,0
377,Matt den Dekker*,26,NYM,53,152,23,38,11,0,0,7,7,4,21,34,1,1,0,0,0
378,Gerald Laird,34,ATL,53,152,12,31,8,0,0,10,0,0,14,33,6,1,0,0,2
379,David Ross,37,BOS,50,152,16,28,7,0,7,15,0,1,16,58,1,0,2,1,1
380,Prince Fielder*,30,TEX,42,150,19,37,8,0,3,16,0,0,25,24,5,2,0,1,11
381,Miguel Rojas,25,LAD,85,149,16,27,3,0,1,9,0,0,10,28,5,2,1,0,1
382,Ramiro Pena#,28,ATL,81,147,9,36,6,0,3,9,1,0,13,38,0,0,4,1,3
383,Francisco Cervelli,28,NYY,49,146,18,44,11,1,2,13,1,0,11,41,5,5,0,0,0
384,John Mayberry,30,TOT,78,146,15,31,10,0,7,23,0,0,20,35,2,1,0,1,0
385,Leury Garcia#,23,CHW,74,145,13,24,3,0,1,6,11,1,5,48,6,0,4,1,1
386,Kristopher Negron,28,CIN,49,144,19,39,10,1,6,17,5,0,12,40,2,1,1,0,0
387,Dan Uggla,34,TOT,52,141,14,21,3,0,2,10,0,0,11,46,3,4,0,1,0
388,Tyler Colvin*,28,SFG,57,139,16,31,10,3,2,18,1,0,8,45,3,1,0,1,0
389,Nate McLouth*,32,WSN,79,139,10,24,6,0,1,7,4,1,16,35,0,5,1,1,1
390,Chris Stewart,32,PIT,49,136,9,40,5,0,0,10,0,1,12,27,2,3,2,1,2
391,Chris Taylor,23,SEA,47,136,16,39,8,0,0,9,5,2,11,39,3,2,1,1,0
392,Tony Cruz,27,STL,50,135,11,27,5,0,1,17,0,3,13,28,6,0,2,0,1
393,Elian Herrera#,29,MIL,69,135,14,37,7,1,0,5,4,1,3,36,1,0,1,1,1
394,Bobby Abreu*,40,NYM,78,133,12,33,9,0,1,14,1,0,20,21,3,0,0,2,0
395,Willie Bloomquist,36,SEA,47,133,15,37,6,0,1,14,1,1,4,32,1,0,1,1,1
396,Josh Thole*,27,TOR,57,133,11,33,4,0,0,7,0,3,14,25,4,0,3,0,0
397,Carlos Quentin,31,SDP,50,130,9,23,6,0,4,18,0,0,17,33,5,4,0,4,0
398,Tuffy Gosewisch,30,ARI,41,129,6,29,8,0,1,7,0,0,3,24,6,0,0,0,0
399,Philip Gosselin,25,ATL,46,128,17,34,4,0,1,3,2,2,5,27,1,2,1,0,0
400,Zach Walters#,24,TOT,62,127,16,23,3,0,10,17,0,0,9,48,0,1,0,0,0
401,Mike Carp*,28,TOT,59,126,11,22,5,1,0,13,0,1,16,31,6,5,0,2,0
402,Jake Lamb*,23,ARI,37,126,15,29,4,1,4,11,1,1,6,37,4,0,0,1,0
403,Shane Victorino,33,BOS,30,123,14,33,6,1,2,12,2,0,6,21,3,1,1,2,0
404,L.J. Hoes,24,HOU,55,122,12,21,5,0,3,11,0,0,10,31,5,0,1,3,0
405,Wil Nieves,36,PHI,36,122,9,31,8,0,1,7,1,0,1,34,2,2,2,1,0
406,Enrique Hernandez,22,TOT,42,121,13,30,6,3,3,14,0,0,12,21,1,1,0,0,0
407,Ryan Kalish*,26,CHC,57,121,13,30,4,4,0,5,3,2,8,28,3,0,1,0,1
408,Chris Valaika,28,CHC,44,121,10,28,4,0,3,13,1,0,7,35,5,2,0,1,1
409,Freddy Galvis#,24,PHI,43,119,14,21,3,1,4,12,1,0,8,30,0,0,0,1,0
410,Jordan Danks*,27,CHW,51,117,14,26,2,0,2,10,5,3,14,46,1,0,0,1,1
411,Chris Gimenez,31,TOT,42,116,13,28,10,0,0,11,0,1,12,29,3,0,0,0,1
412,Kevin Pillar,25,TOR,53,116,19,31,9,0,2,7,1,2,4,28,3,1,0,1,0
413,Logan Schafer*,27,MIL,65,116,13,21,9,1,0,8,2,1,15,27,0,1,3,1,3
414,Luis Sardinas#,21,TEX,43,115,12,30,6,0,0,8,5,1,5,21,5,2,3,0,0
415,Cesar Hernandez#,24,PHI,66,114,13,27,2,0,1,4,1,1,9,33,1,0,1,1,1
416,Brendan Ryan,32,NYY,49,114,5,19,4,0,0,8,0,2,4,30,2,3,1,2,0
417,Christian Bethancourt,22,ATL,31,113,7,28,3,0,0,9,1,1,3,26,3,1,0,0,0
418,Donnie Murphy,31,TEX,45,112,11,22,3,0,4,14,0,1,11,38,2,1,1,3,0
419,Kirk Nieuwenhuis*,26,NYM,61,112,16,29,14,1,3,16,4,0,16,39,1,0,0,2,3
420,Martin Maldonado,27,MIL,52,111,14,26,5,0,4,16,0,0,11,32,4,3,1,0,1
421,Randal Grichuk,22,STL,47,110,11,27,6,1,3,8,0,2,5,31,4,0,1,0,0
422,Erik Kratz,34,TOT,47,110,12,24,4,0,5,13,0,0,4,22,4,0,0,1,1
423,J.B. Shuck*,27,TOT,38,110,12,16,1,0,2,9,2,0,3,12,1,0,1,0,1
424,Rymer Liriano,23,SDP,38,109,13,24,2,0,1,6,4,1,9,39,6,2,0,1,1
425,Travis Ishikawa*,30,TOT,62,107,9,27,4,1,3,18,0,0,9,34,3,1,0,2,1
426,Alfredo Marte,25,ARI,44,106,8,18,5,1,2,9,1,0,6,34,2,1,1,0,0
427,Adrian Nieto#,24,CHW,48,106,8,25,5,0,2,7,0,1,8,38,3,1,3,0,0
428,Tony Gwynn*,31,PHI,80,105,14,16,2,1,0,3,3,0,15,23,0,1,6,0,1
429,Ryan Rua,24,TEX,28,105,11,31,7,0,2,14,1,0,2,18,6,2,0,0,0
430,Matt Wieters#,28,BAL,26,104,13,32,5,0,5,18,0,1,6,19,1,0,0,2,0
431,Clint Barmes,35,PIT,48,102,15,25,5,0,0,7,1,1,9,18,2,4,0,1,2
432,Darin Ruf,27,PHI,52,102,13,24,8,0,3,8,0,0,8,32,2,4,1,2,0
433,Jim Adduci*,29,TEX,44,101,13,17,3,0,1,8,3,1,10,27,2,0,1,2,0
434,Jake Goebbert*,26,SDP,51,101,12,22,1,3,1,10,2,1,12,32,0,2,0,0,3
435,Juan Perez,27,SFG,61,100,13,17,7,0,1,3,0,1,5,25,3,2,2,0,0
436,Carlos Sanchez#,22,CHW,28,100,6,25,5,0,0,5,1,1,3,25,1,0,0,1,0
437,Grant Green,26,LAA,43,99,7,27,5,0,1,11,1,4,2,20,3,0,0,2,0
438,Chris Dickerson*,32,CLE,41,98,12,22,4,0,2,6,3,0,12,38,2,0,2,0,0
439,Jordany Valdespin*,26,MIA,52,98,8,21,2,1,3,10,1,0,9,16,1,0,6,0,0
440,Ehire Adrianza#,24,SFG,53,97,10,23,6,0,0,5,1,1,5,22,2,1,2,1,1
441,Gregorio Petit,29,HOU,37,97,14,27,8,0,2,9,0,1,1,25,1,2,0,0,0
442,Tyler Moore,27,WSN,42,91,8,21,2,0,4,14,0,0,7,29,2,2,0,0,0
443,Jonathan Herrera#,29,BOS,42,90,10,21,1,2,0,9,1,3,7,24,3,3,3,1,0
444,John Buck,33,TOT,32,89,9,20,2,0,1,6,0,0,8,26,1,0,0,0,0
445,Steve Clevenger*,28,BAL,35,89,8,20,8,1,0,8,0,0,8,19,5,0,0,0,1
446,Jorge Soler,22,CHC,24,89,11,26,8,1,5,20,1,0,6,24,3,0,0,2,0
447,Andrew Susac,24,SFG,35,88,13,24,8,0,3,19,0,0,7,28,0,0,0,0,0
448,Nate Freiman,27,OAK,36,87,12,19,5,0,5,15,0,0,5,23,6,1,0,0,1
449,Jake Smolinski,25,TEX,24,86,12,30,5,0,3,12,0,0,3,24,1,3,0,0,0
450,Roberto Perez,25,CLE,29,85,10,23,5,0,1,4,0,0,5,26,2,0,5,0,0
451,Jayson Nix,31,TOT,41,83,2,10,0,0,1,4,1,2,3,28,2,2,1,1,0
452,Reid Brignac*,28,PHI,37,81,4,18,5,1,1,10,1,1,9,33,2,0,1,0,1
453,Nick Franklin#,23,TOT,28,81,7,13,2,1,1,6,2,0,6,32,2,1,0,2,0
454,J.R. Murphy,23,NYY,32,81,7,23,4,0,1,9,0,0,4,22,0,0,0,0,0
455,Geovany Soto,31,TOT,24,80,8,20,6,0,1,11,0,0,6,19,6,0,1,0,0
456,Scott Hairston,34,WSN,61,77,6,16,4,0,1,8,0,0,4,26,2,2,0,4,0
457,Pedro Florimon#,27,MIN,33,76,7,7,1,1,0,1,6,0,8,22,2,0,2,0,0
458,John McDonald,39,LAA,95,76,4,13,2,0,0,5,1,1,7,18,1,2,5,1,0
459,Brennan Boesch*,29,LAA,27,75,6,14,2,0,2,7,3,0,2,19,0,0,0,2,1
460,Tony Campana*,28,TOT,44,75,10,14,1,1,0,5,4,2,0,16,0,1,0,0,0
461,Eric Fryer,28,MIN,28,75,11,16,4,0,1,5,1,0,5,15,0,1,0,0,0
462,Chris Herrmann*,26,MIN,33,75,8,16,3,0,0,4,1,0,4,17,2,0,0,0,0
463,Tony Sanchez,26,PIT,26,75,3,20,1,0,2,13,0,0,3,28,0,1,0,1,0
464,Justin Bour*,26,MIA,39,74,10,21,3,0,1,11,0,0,9,19,0,0,0,0,1
465,Cole Gillespie,30,TOT,35,74,9,18,2,0,1,5,2,2,6,13,3,0,1,0,0
466,Adam Duvall,25,SFG,28,73,8,14,2,0,3,5,0,0,3,20,0,1,0,0,0
467,Steve Lombardozzi#,25,BAL,20,73,6,21,1,1,0,2,1,0,0,14,1,1,0,0,0
468,Chris Nelson,28,SDP,27,73,5,17,3,0,0,7,1,2,7,14,5,0,0,1,1
469,Curt Casali,25,TBR,30,72,10,12,3,0,0,3,0,0,8,23,2,2,2,0,0
470,Adam Wainwright,32,STL,32,72,4,13,3,0,0,6,0,0,3,22,0,0,7,0,0
471,Tim Federowicz,26,LAD,23,71,2,8,3,0,1,5,0,0,3,18,3,1,2,1,0
472,Tyler Holt,25,CLE,36,71,4,19,2,0,0,2,2,2,3,25,1,1,1,0,0
473,Nick Ahmed,24,ARI,25,70,9,14,2,0,1,4,0,1,3,10,2,0,2,0,0
474,Jeff Bianchi,27,MIL,29,70,4,12,1,0,0,6,0,0,3,17,1,0,0,1,0
475,Ezequiel Carrera*,27,DET,45,69,12,18,4,1,0,2,7,1,3,14,2,1,0,0,1
476,Eric Chavez*,36,ARI,44,69,6,17,3,1,3,8,2,0,11,19,2,0,0,1,0
477,Nolan Reimold,30,TOT,29,69,5,16,5,0,3,13,1,0,6,32,0,0,0,3,0
478,Johnny Cueto,28,CIN,34,68,3,9,0,0,0,3,0,0,2,20,1,0,12,0,0
479,Mike Leake,26,CIN,40,68,9,12,5,0,2,5,0,0,0,34,1,1,5,0,0
480,Ian Stewart*,29,LAA,24,68,8,12,2,3,2,7,1,0,3,31,1,1,0,0,0
481,Tomas Telis#,23,TEX,18,68,7,17,2,0,0,8,0,0,1,10,2,1,1,0,0
482,Josh Wilson,33,TEX,24,67,7,16,4,0,0,8,1,0,2,14,3,1,2,0,0
483,Rafael Ynoa#,26,COL,19,67,5,23,6,1,0,13,0,0,4,9,1,0,0,0,0
484,Roger Bernadina*,30,TOT,53,66,5,11,3,0,1,9,2,1,10,19,2,3,1,0,0
485,Madison Bumgarner,24,SFG,34,66,10,17,2,0,4,15,0,0,2,29,0,1,8,1,0
486,Kyle Kendrick,29,PHI,32,66,2,9,1,0,0,1,0,0,1,31,2,0,4,0,0
487,Julio Teheran,23,ATL,33,66,1,7,1,0,0,6,0,0,1,21,1,1,8,0,0
488,Logan Watkins*,24,CHC,31,65,10,16,3,0,1,6,1,0,1,16,0,1,1,0,1
489,Sandy Leon#,25,WSN,20,64,7,10,1,0,1,3,0,0,6,20,1,0,0,0,0
490,Clayton Kershaw*,26,LAD,27,63,5,11,0,1,0,3,1,0,4,23,1,1,6,0,0
491,Jimmy Paredes#,25,TOT,27,63,12,18,4,0,2,8,4,0,2,16,1,0,0,0,0
492,Ben Paulsen*,26,COL,31,63,8,20,4,0,4,10,0,0,2,19,1,1,0,0,1
493,Ervin Santana,31,ATL,31,63,7,7,1,0,0,1,0,0,2,28,1,0,8,0,0
494,Bartolo Colon,41,NYM,31,62,3,2,1,0,0,0,0,0,0,33,0,0,7,0,0
495,Cole Hamels*,30,PHI,30,62,1,13,2,0,0,0,0,0,0,28,0,0,7,0,0
496,Cory Spangenberg*,23,SDP,20,62,7,18,2,1,2,9,4,2,2,14,1,0,1,0,0
497,Matt Szczur,24,CHC,33,62,6,14,2,0,2,5,0,0,4,11,1,0,0,0,0
498,Aaron Harang,36,ATL,33,61,2,5,0,0,0,1,0,0,1,29,2,0,9,0,0
499,Kyle Lohse,35,MIL,31,61,2,7,0,0,0,5,0,0,2,23,1,1,9,1,0
500,Jesus Sucre,26,SEA,21,61,4,13,2,0,0,5,0,0,0,17,0,0,3,0,0
501,Ryan Vogelsong,36,SFG,32,61,3,7,2,0,0,2,0,0,2,20,1,1,2,0,0
502,A.J. Burnett,37,PHI,34,60,5,8,2,0,0,1,0,0,3,23,2,0,2,0,0
503,Jorge De La Rosa*,33,COL,32,60,5,9,0,0,0,1,0,0,1,26,1,0,6,0,0
504,Matt Duffy,23,SFG,34,60,5,16,2,0,0,8,0,1,1,14,1,2,1,0,0
505,Chone Figgins#,36,LAD,38,60,8,13,3,0,0,1,4,1,14,15,0,1,1,0,0
506,Jason Giambi*,43,CLE,26,60,3,8,2,0,2,5,0,0,9,12,3,1,0,0,2
507,Zack Greinke,30,LAD,32,60,5,12,6,0,1,3,0,0,5,11,0,0,4,0,0
508,Lance Lynn,27,STL,33,60,5,4,1,0,0,1,0,0,4,34,1,1,4,0,0
509,Shane Robinson,29,STL,47,60,3,9,1,1,0,4,0,1,6,10,3,0,0,0,0
510,Cameron Rupp,25,PHI,18,60,4,11,4,0,0,6,0,0,4,20,5,0,0,0,0
511,Stephen Strasburg,25,WSN,34,60,3,6,1,0,0,3,0,0,7,26,1,0,9,0,0
512,Dilson Herrera,20,NYM,18,59,6,13,0,1,3,11,0,0,7,17,3,0,0,0,0
513,Carlos Pena*,36,TEX,18,59,4,8,3,0,1,2,1,0,4,11,1,0,0,0,0
514,Alfredo Simon,33,CIN,32,59,2,7,3,0,0,2,0,0,1,21,0,0,7,0,0
515,Tanner Roark,27,WSN,31,58,1,7,0,0,0,0,0,0,1,21,1,0,11,0,0
516,Henderson Alvarez,24,MIA,30,57,2,11,0,0,0,2,0,0,1,20,0,0,8,1,0
517,Daric Barton*,28,OAK,30,57,7,9,1,0,0,5,0,0,5,14,0,1,0,1,0
518,Wade Miley*,27,ARI,33,57,3,9,0,0,0,1,0,0,3,14,0,0,9,0,0
519,Wily Peralta,25,MIL,32,57,4,3,2,0,0,3,0,0,2,24,1,0,8,1,0
520,Zelous Wheeler,27,NYY,29,57,6,11,0,0,2,5,0,0,2,12,1,1,1,1,0
521,Nathan Eovaldi,24,MIA,33,56,1,5,0,0,0,0,0,0,1,36,0,0,7,0,0
522,Maikel Franco,21,PHI,16,56,5,10,2,0,0,5,0,0,1,13,1,0,0,1,0
523,Tyson Ross,27,SDP,32,56,6,10,1,0,0,3,0,0,3,22,0,1,2,1,0
524,Ryan Wheeler*,25,COL,31,56,6,13,2,0,2,13,0,0,5,12,1,0,0,3,0
525,Travis Wood,27,CHC,41,56,9,13,2,0,3,10,0,0,1,17,1,2,7,0,0
526,Kyle Blanks,27,TOT,26,55,10,17,1,0,2,7,0,0,8,16,3,2,0,1,0
527,Jon Niese*,27,NYM,31,55,3,5,1,0,0,4,0,0,6,29,0,0,4,0,0
528,Jordan Zimmermann,28,WSN,32,55,3,10,1,0,0,1,0,0,2,21,0,0,9,1,0
529,Tucker Barnhart#,23,CIN,21,54,3,10,0,0,1,1,0,0,4,10,0,0,2,0,1
530,Josh Collmenter,28,ARI,33,54,2,6,2,0,0,2,0,0,3,15,1,0,1,0,0
531,Yovani Gallardo,28,MIL,33,54,1,6,1,0,0,1,0,0,1,18,1,0,5,0,0
532,Dan Haren,33,LAD,32,54,2,10,1,0,0,5,0,0,3,20,1,0,3,0,0
533,Tim Hudson,38,SFG,31,53,0,2,0,0,0,1,0,0,2,20,4,1,6,0,0
534,Jace Peterson*,24,SDP,27,53,3,6,0,0,0,0,2,0,2,18,1,1,2,0,1
535,Edinson Volquez,30,PIT,32,53,3,2,0,0,0,2,0,0,3,27,0,0,8,0,0
536,Doug Fister*,30,WSN,26,52,3,4,1,0,0,0,0,0,1,21,0,0,9,0,0
537,Brett Hayes,30,KCR,27,52,3,7,1,0,1,2,0,0,1,12,1,0,0,0,0
538,Ian Kennedy,29,SDP,33,52,3,6,1,0,1,5,0,0,5,24,0,0,6,0,0
539,Donald Lutz*,25,CIN,28,51,2,9,4,0,0,1,0,0,3,19,0,0,0,0,1
540,Tom Koehler,28,MIA,32,50,0,3,0,0,0,0,0,0,1,27,2,0,8,0,0
541,Zack Wheeler*,24,NYM,34,50,1,4,1,0,0,3,0,0,1,24,0,0,12,0,0
542,Matt Garza,30,MIL,27,49,2,3,1,0,0,0,0,0,1,21,0,0,7,0,0
543,Roberto Hernandez,33,TOT,32,49,1,4,0,0,0,2,0,0,0,24,0,0,9,0,0
544,Jack Hannahan*,34,CIN,26,48,3,9,3,0,0,2,0,0,2,17,2,0,0,0,0
545,Jordan Lyles,23,COL,23,48,4,9,3,0,1,3,0,0,3,21,3,0,1,0,0
546,Shelby Miller,23,STL,32,48,6,9,5,0,0,4,0,0,2,25,1,0,13,0,0
547,Eric Stults*,34,SDP,32,48,1,4,1,0,0,1,0,0,1,18,1,0,4,0,0
548,Andres Blanco#,30,PHI,25,47,4,13,5,0,1,3,0,0,2,6,4,0,4,0,1
549,Pedro Ciriaco,28,KCR,25,47,7,10,2,0,0,2,4,0,0,9,2,1,1,0,0
550,Kevin Kouzmanoff,32,TEX,13,47,8,17,6,0,2,10,0,0,2,7,2,2,0,0,1
551,Hyun-jin Ryu,27,LAD,26,47,4,7,2,0,0,2,0,0,1,17,0,0,8,0,0
552,Gerrit Cole,23,PIT,23,46,3,8,0,0,1,2,0,0,2,17,2,0,4,0,0
553,Jacob deGrom*,26,NYM,23,46,3,10,2,0,0,2,0,0,1,13,2,0,6,0,0
554,Gio Gonzalez,28,WSN,27,46,3,4,1,0,1,2,0,0,0,26,0,0,6,0,0
555,Andy Parrino#,28,OAK,21,46,4,7,3,0,1,3,0,0,3,14,1,1,0,1,0
556,Christian Colon,25,KCR,21,45,8,15,5,1,0,6,2,0,3,4,1,0,1,0,0
557,Francisco Liriano*,30,PIT,29,45,1,5,0,0,0,0,0,0,2,14,1,0,5,0,0
558,Jeff Locke*,26,PIT,21,45,3,5,0,0,0,0,0,0,2,30,0,0,3,0,0
559,Mike Minor,26,ATL,25,45,4,7,1,0,1,4,0,0,1,16,0,0,2,0,0
560,Andrew Brown,29,NYM,19,44,6,8,1,0,2,7,0,0,3,15,2,1,0,1,0
561,Tim Lincecum*,30,SFG,34,44,2,3,0,0,0,1,0,0,4,26,1,0,5,0,0
562,Cole Figueroa*,27,TBR,23,43,6,10,2,1,0,6,0,0,4,4,0,0,0,2,0
563,Darin Mastroianni,28,TOT,21,43,7,5,0,0,1,2,1,0,1,10,4,0,0,0,0
564,Andy Wilkins*,25,CHW,17,43,2,6,2,0,0,2,0,0,2,22,1,0,0,0,0
565,Danny Worth,28,DET,20,42,5,7,1,0,0,5,0,1,2,12,1,1,0,1,0
566,Erisbel Arruebarrena,24,LAD,22,41,4,8,1,0,0,4,0,0,3,17,1,0,0,1,0
567,Homer Bailey,28,CIN,23,41,3,6,0,0,0,3,0,0,2,18,1,0,8,0,0
568,Greg Dobbs*,35,TOT,36,41,0,7,1,0,0,2,0,0,1,8,0,0,0,1,0
569,Roger Kieschnick*,27,ARI,25,41,2,8,1,0,1,2,0,0,0,16,0,0,0,0,0
570,Nyjer Morgan*,33,CLE,15,41,8,14,1,0,1,6,3,0,7,6,0,0,3,1,0
571,Alex Wood,23,ATL,35,41,1,3,0,0,0,2,0,0,2,28,0,0,5,0,0
572,Edwin Jackson,30,CHC,29,40,2,7,2,0,0,0,0,0,0,21,0,0,4,0,0
573,Justin Maxwell,30,KCR,20,40,4,6,1,0,0,3,0,1,2,20,0,2,0,1,0
574,Charlie Morton,30,PIT,26,40,1,2,0,0,0,1,0,0,1,21,2,0,8,0,0
575,Tyler Pastornicky,24,ATL,28,40,4,8,0,1,0,2,0,1,6,11,0,0,1,0,0
576,Jake Arrieta,28,CHC,26,39,3,7,2,1,0,3,0,0,2,16,1,0,6,0,0
577,Josh Beckett,34,LAD,20,39,4,7,3,0,0,2,0,0,1,14,0,0,3,0,0
578,Andrew Lambo*,25,PIT,21,39,3,10,4,0,0,1,0,0,0,8,2,0,0,0,0
579,Michael Martinez#,31,PIT,26,39,2,5,1,0,0,2,0,0,4,13,0,0,1,0,1
580,Brent Morel,27,PIT,23,39,1,7,2,0,0,4,0,0,2,9,1,0,0,0,1
581,Dalton Pompey#,21,TOR,17,39,5,9,1,2,1,4,1,0,4,12,0,0,0,0,0
582,Michael Taylor,23,WSN,17,39,5,8,3,0,1,5,0,2,3,17,1,1,0,0,0
583,Jonathan Diaz,29,TOR,23,38,3,6,1,0,0,4,1,0,3,14,1,2,2,0,0
584,Dillon Gee,28,NYM,22,38,1,1,0,0,0,1,0,0,2,17,0,0,3,0,0
585,Dan Johnson*,34,TOR,15,38,8,8,2,0,1,7,0,0,7,10,1,1,0,2,0
586,Tyler Matzek*,23,COL,21,38,2,7,1,0,0,0,0,0,2,13,1,0,3,0,0
587,Johnny Giavotella,26,KCR,12,37,8,8,1,0,1,5,0,1,1,5,1,2,0,1,0
588,Jason Hammel,31,TOT,30,37,2,5,0,0,0,3,0,0,1,14,1,0,5,0,0
589,Luis Jimenez,26,LAA,18,37,3,6,2,0,0,2,0,0,0,13,1,2,2,0,0
590,Xavier Nady,35,SDP,22,37,4,5,1,0,3,4,0,0,5,9,4,0,0,0,0
591,Josh Phegley,26,CHW,11,37,4,8,2,0,3,7,0,0,0,11,0,0,0,1,0
592,Jemile Weeks#,27,TOT,17,37,8,11,3,1,0,3,2,0,4,2,1,1,2,1,0
593,Zoilo Almonte#,25,NYY,13,36,2,5,0,0,1,3,1,0,0,14,1,0,0,0,0
594,Rusney Castillo,26,BOS,10,36,6,12,1,0,2,6,3,0,3,6,0,1,0,0,0
595,Andrew Cashner,27,SDP,23,35,3,6,1,1,0,2,0,0,1,14,0,0,6,0,0
596,Rafael Furcal#,36,MIA,9,35,4,6,0,1,0,2,0,0,2,7,1,0,0,0,0
597,Maicer Izturis#,33,TOR,11,35,3,10,1,0,0,1,1,0,2,4,0,0,1,0,0
598,Josh Satin,29,NYM,25,35,2,3,2,0,0,3,0,0,6,14,2,2,0,0,0
599,Chase Anderson,26,ARI,22,34,0,1,0,0,0,0,0,0,0,14,0,1,6,0,0
600,Jeff Samardzija,29,TOT,33,34,3,6,3,0,0,3,0,0,0,10,1,0,2,2,0
601,Jesus Aguilar,24,CLE,19,33,2,4,0,0,0,3,0,0,4,13,1,0,0,1,0
602,Jason Bourgeois,32,CIN,18,33,5,8,0,1,0,1,0,0,1,6,1,0,0,0,0
603,Marco Estrada,30,MIL,39,32,0,3,0,0,0,2,0,0,3,13,1,0,5,0,0
604,Vance Worley,26,PIT,20,32,1,2,1,0,0,0,0,0,1,17,0,0,5,0,0
605,Garin Cecchini*,23,BOS,11,31,6,8,3,0,1,4,0,0,3,11,0,2,0,0,0
606,Matt McBride,29,COL,21,31,6,7,2,0,2,6,0,0,2,12,0,1,0,0,0
607,David Buchanan,25,PHI,20,30,2,3,1,0,0,2,0,0,4,10,0,0,5,0,0
608,Juan Centeno*,24,NYM,10,30,1,6,0,0,0,2,0,0,3,5,2,0,0,0,0
609,Brooks Conrad#,34,SDP,13,30,2,3,1,0,1,2,0,0,3,14,0,0,0,1,0
610,Irving Falu#,31,TOT,22,30,0,3,0,0,0,1,1,0,4,5,2,0,0,1,1
611,Alex Gonzalez,37,DET,9,30,4,5,0,1,0,2,0,0,2,4,2,0,0,0,0
612,George Kottaras*,31,TOT,18,30,4,7,0,0,3,5,0,0,6,16,0,0,1,1,0
613,Mat Latos,26,CIN,16,30,2,3,0,0,0,1,0,0,1,12,1,0,1,0,0
614,Franklin Morales*,28,COL,38,30,2,3,0,0,0,0,0,0,3,15,0,0,6,0,0
615,Brad Snyder*,32,TEX,10,30,3,5,1,0,2,3,0,0,4,10,1,0,0,0,0
616,Neftali Soto,25,CIN,21,30,1,3,1,0,0,1,1,0,0,8,2,0,0,1,0
617,Brandon McCarthy,30,TOT,32,29,0,4,0,0,0,3,0,0,0,11,0,0,3,0,0
618,Omar Quintanilla*,32,NYM,15,29,2,6,1,0,0,3,0,0,2,5,1,0,0,0,0
619,J.T. Realmuto,23,MIA,11,29,4,7,1,1,0,9,0,0,1,8,2,0,0,0,0
620,Michael Wacha,22,STL,19,29,1,1,0,0,0,2,0,0,0,18,0,0,3,0,0
621,Joc Pederson*,22,LAD,18,28,1,4,0,0,0,0,0,0,9,11,1,0,1,0,0
622,Michael Taylor,28,CHW,11,28,3,7,1,0,0,0,0,0,5,9,0,0,0,0,0
623,Taylor Teagarden,30,NYM,9,28,1,4,0,0,1,5,0,0,2,7,1,0,0,0,0
624,Bronson Arroyo,37,ARI,15,27,5,6,0,0,0,0,0,0,0,12,0,0,4,0,0
625,Matt Cain,29,SFG,15,27,1,4,0,0,0,0,0,0,2,13,0,1,0,0,0
626,Matt Clark*,27,MIL,16,27,4,5,0,0,3,7,0,0,2,8,1,0,0,2,2
627,Brad Hand*,24,MIA,32,27,0,1,0,0,0,1,0,0,0,7,0,0,4,0,0
628,Yorman Rodriguez,21,CIN,11,27,3,6,0,0,0,2,0,1,1,12,0,1,0,0,0
629,Bryce Brentz,25,BOS,9,26,5,8,2,0,0,2,0,0,0,9,0,0,0,0,0
630,Kyle Parker,24,COL,18,26,1,5,1,0,0,1,0,0,0,14,0,0,0,0,0
631,Chris Getz*,30,TOR,10,25,1,4,1,0,0,0,2,0,1,4,1,1,1,0,0
632,Yusmeiro Petit,29,SFG,39,25,2,1,0,0,0,0,0,0,1,13,0,0,1,0,0
633,Eli Whiteside,34,CHC,8,25,0,3,1,0,0,2,1,0,0,8,0,0,0,1,0
634,Trevor Cahill,26,ARI,32,24,0,2,1,0,0,0,0,0,1,5,0,0,4,0,0
635,Tyler Collins*,24,DET,18,24,3,6,0,0,1,4,0,0,1,4,1,0,0,0,0
636,Odrisamer Despaigne,27,SDP,16,24,0,0,0,0,0,0,0,0,1,10,0,0,3,0,0
637,Jeff Francoeur,30,SDP,10,24,2,2,0,0,0,1,0,0,3,7,0,0,0,1,0
638,Kyle Hendricks,24,CHC,14,24,1,3,0,0,0,1,0,0,3,11,0,0,3,0,0
639,Cliff Lee*,35,PHI,13,24,2,6,0,0,0,1,0,0,0,9,0,0,1,0,0
640,Juan Nicasio,27,COL,33,24,0,2,0,0,0,4,0,0,0,13,0,0,2,1,0
641,Jose Pirela,24,NYY,7,24,6,8,1,2,0,3,0,0,1,4,1,0,0,0,0
642,Pete Kozma,26,STL,14,23,4,7,3,0,0,0,0,0,3,4,0,0,0,0,0
643,Miguel Olivo,35,LAD,8,23,4,5,0,1,0,2,0,0,1,12,1,0,0,1,0
644,Jake Peavy,33,TOT,32,23,1,0,0,0,0,0,0,0,0,14,0,0,1,0,0
645,Steven Souza,25,WSN,21,23,2,3,0,0,2,2,0,0,3,7,1,0,0,0,0
646,Jacob Turner,23,TOT,28,23,1,4,2,0,0,0,0,0,1,12,0,0,5,0,0
647,Dean Anna*,27,NYY,12,22,3,3,1,0,1,3,0,0,2,6,0,0,0,1,0
648,Nick Evans,28,ARI,18,22,2,6,2,0,2,7,0,0,1,10,0,0,0,0,0
649,Jesse Hahn,24,SDP,15,22,1,2,0,0,0,1,0,0,0,12,0,0,2,0,0
650,Tony Cingrani*,24,CIN,13,21,0,3,0,0,0,0,0,0,0,5,0,0,1,0,0
651,Jarred Cosart,24,TOT,30,21,1,4,0,0,0,0,0,0,0,7,1,0,3,0,0
652,Koyie Hill#,35,PHI,10,21,2,5,1,0,0,1,0,0,1,5,0,0,0,0,0
653,Jimmy Nelson,25,MIL,14,21,1,3,1,0,0,0,0,0,0,7,1,0,1,0,0
654,Jamie Romak,28,LAD,15,21,2,1,1,0,0,3,0,0,2,8,1,0,0,0,0
655,Jerry Sands,26,TBR,12,21,1,4,0,0,1,4,0,0,0,6,2,1,0,0,0
656,Hector Gomez,26,MIL,15,20,2,3,1,0,0,1,0,0,1,9,0,0,0,0,0
657,Xavier Paul*,29,ARI,14,20,2,2,0,0,0,0,0,0,1,8,0,0,0,0,1
658,Max Stassi,23,HOU,7,20,2,7,2,0,0,4,0,0,0,6,0,0,0,0,0
659,Tsuyoshi Wada*,33,CHC,13,20,0,1,0,0,0,0,0,0,1,10,0,0,3,0,0
660,Christian Bergman,26,COL,10,19,0,1,0,0,0,0,0,0,0,6,0,0,1,0,0
661,Mike Bolsinger,26,ARI,10,19,1,2,0,0,0,1,0,0,0,7,0,0,1,0,0
662,Dan Butler,27,BOS,7,19,1,4,3,0,0,2,0,0,1,5,1,0,0,0,0
663,Mike Fiers,29,MIL,14,19,0,1,0,0,0,0,0,0,0,11,0,0,7,0,0
664,Caleb Gindl*,25,MIL,8,19,0,3,0,0,0,0,0,0,4,5,0,0,0,0,0
665,Elliot Johnson#,30,CLE,7,19,1,2,2,0,0,0,0,0,0,7,0,0,1,0,0
666,Ryan Roberts,33,BOS,8,19,1,2,0,0,0,0,0,0,3,7,2,0,0,0,0
667,Robbie Erlin,23,SDP,13,18,0,2,0,0,0,1,0,0,1,6,0,0,0,0,0
668,Gavin Floyd,31,ATL,9,18,0,2,0,0,0,0,0,0,0,12,0,0,0,0,0
669,Vidal Nuno*,26,TOT,31,18,2,1,0,0,0,0,0,0,0,8,1,1,6,0,0
670,Christian Walker,23,BAL,6,18,1,3,1,0,1,1,0,0,1,9,0,0,0,0,0
671,Brandon Cumpton,25,PIT,16,17,1,2,0,0,0,1,0,0,1,7,0,0,2,0,0
672,Chris Dominguez,27,SFG,8,17,1,1,0,0,1,2,0,0,1,4,2,0,0,0,1
673,David Hale,26,ATL,45,17,1,1,0,0,0,1,0,0,0,8,0,0,1,1,0
674,Jenrry Mejia,24,NYM,63,17,0,0,0,0,0,0,0,0,0,7,0,0,1,0,0
675,Jesus Montero,24,SEA,6,17,1,4,0,0,1,2,0,0,0,3,1,0,0,0,0
676,Domingo Santana,21,HOU,6,17,1,0,0,0,0,0,0,0,1,14,0,0,0,0,0
677,Jose Fernandez,21,MIA,8,16,1,2,0,0,0,1,0,0,0,6,0,0,2,0,0
678,Joe Kelly,26,TOT,17,16,0,4,1,0,0,0,1,0,0,2,0,1,1,0,0
679,Andy Marte,30,ARI,6,16,1,3,0,0,1,3,0,0,0,3,0,0,0,0,0
680,Shawn O'Malley#,26,LAA,11,16,3,3,0,0,0,1,2,0,0,8,0,0,0,0,0
681,Antoan Richardson#,30,NYY,13,16,2,5,0,0,0,1,5,0,1,3,0,0,0,0,0
682,Justin Sellers,28,CLE,17,16,1,3,0,0,0,0,0,1,3,4,0,0,2,0,0
683,Scott Sizemore,29,NYY,6,16,3,5,2,0,0,4,0,0,0,8,0,0,0,0,0
684,Cristhian Adames#,22,COL,7,15,1,1,0,0,0,0,0,0,0,5,1,0,0,0,0
685,Jhoulys Chacin,26,COL,12,15,2,5,1,0,0,0,0,0,1,4,0,0,1,0,0
686,Brad Glenn,27,TOR,6,15,0,1,0,0,0,0,0,0,1,5,0,0,0,0,0
687,John Lackey,35,TOT,31,15,1,2,0,0,0,0,0,0,0,5,0,0,4,0,0
688,Xavier Scruggs,26,STL,9,15,0,3,1,0,0,2,0,0,2,7,0,1,0,0,0
689,Carlos Triunfel,24,LAD,12,15,3,2,0,0,1,1,0,0,1,5,0,0,0,0,0
690,Brett Anderson*,26,COL,8,14,0,2,2,0,0,1,0,0,0,7,0,0,1,0,0
691,Greg Garcia*,24,STL,14,14,2,2,1,0,0,1,0,0,1,6,0,3,0,0,0
692,Jackson Williams,28,COL,7,14,1,3,0,0,1,3,0,0,2,4,1,0,0,0,0
693,Alex Guerrero,27,LAD,11,13,0,1,0,0,0,0,0,0,0,6,0,0,0,0,0
694,Austin Romine,25,NYY,7,13,2,3,1,0,0,1,0,0,0,4,0,0,0,0,0
695,Yohan Flande*,28,COL,16,12,0,1,0,0,0,1,0,0,1,6,0,0,4,0,0
696,Jaime Garcia*,27,STL,8,12,2,3,0,0,0,0,0,0,0,2,0,1,3,0,0
697,Carlos Martinez,22,STL,57,12,0,3,0,0,0,2,0,0,0,4,0,0,1,0,0
698,James McCann,24,DET,9,12,2,3,1,0,0,0,1,0,0,2,0,0,0,0,0
699,Guilder Rodriguez#,30,TEX,7,12,2,2,0,0,0,1,0,0,1,5,0,0,1,0,0
700,Blake Treinen,26,WSN,15,12,0,1,0,0,0,0,0,0,1,8,0,0,2,0,0